Temperature: 80.0 Up
Humidity: 4.0
Date: 27/10/2023 11:35 AM
Sweep Voltage,pad,gr,V,,conc
0.0E+0,193.1000E-9,1.1000E-12,-437.5051E-12
-2.0E+0,1.3250E-9,1.0500E-12,-1.7182E-6
-4.0E+0,482.9100E-12,1.1000E-12,-1.7218E-6
-6.0E+0,517.3600E-12,1.1000E-12,-1.7240E-6
-8.0E+0,561.1900E-12,1.1000E-12,-1.7257E-6
-10.0E+0,614.5900E-12,1.0500E-12,-1.7272E-6
-12.0E+0,689.7100E-12,999.9800E-15,-1.7286E-6
-14.0E+0,800.4100E-12,1.1500E-12,-1.7299E-6
-16.0E+0,981.4600E-12,1.1500E-12,-1.7312E-6
-18.0E+0,1.2300E-9,1.1000E-12,-1.7326E-6
-20.0E+0,1.6404E-9,1.1500E-12,-1.7342E-6
-22.0E+0,2.3799E-9,1.0500E-12,-1.7361E-6
-24.0E+0,2.8824E-9,1.1500E-12,-1.7379E-6
-26.0E+0,2.9674E-9,999.9800E-15,-1.7391E-6
-28.0E+0,3.0350E-9,999.9800E-15,-1.7406E-6
-30.0E+0,3.0949E-9,999.9800E-15,-1.7420E-6
-32.0E+0,3.1514E-9,1.1000E-12,-1.7436E-6
-34.0E+0,3.2054E-9,999.9800E-15,-1.7452E-6
-36.0E+0,3.2594E-9,1.0500E-12,-1.7469E-6
-38.0E+0,3.3119E-9,1.0500E-12,-1.7485E-6
-40.0E+0,3.3589E-9,1.0500E-12,-1.7505E-6
-42.0E+0,3.4020E-9,1.0500E-12,-1.7524E-6
-44.0E+0,3.4460E-9,1.1000E-12,-1.7545E-6
-46.0E+0,3.4889E-9,1.0500E-12,-1.7570E-6
-48.0E+0,3.5309E-9,1.0500E-12,-1.7598E-6
-50.0E+0,3.5740E-9,1.1000E-12,-1.7628E-6
-52.0E+0,3.6169E-9,1.1500E-12,-1.7655E-6
-54.0E+0,3.6599E-9,1.1000E-12,-1.7684E-6
-56.0E+0,3.7019E-9,1.1000E-12,-1.7713E-6
-58.0E+0,3.7460E-9,1.1500E-12,-1.7740E-6
-60.0E+0,3.7903E-9,1.1500E-12,-1.7768E-6
-62.0E+0,3.8344E-9,1.2000E-12,-1.7793E-6
-64.0E+0,3.8790E-9,1.0500E-12,-1.7819E-6
-66.0E+0,3.9240E-9,950.0200E-15,-1.7843E-6
-68.0E+0,3.9699E-9,999.9800E-15,-1.7867E-6
-70.0E+0,4.0154E-9,1.0500E-12,-1.7890E-6
-72.0E+0,4.0639E-9,1.1000E-12,-1.7914E-6
-74.0E+0,4.1118E-9,1.1500E-12,-1.7938E-6
-76.0E+0,4.1614E-9,1.1000E-12,-1.7960E-6
-78.0E+0,4.2110E-9,1.0500E-12,-1.7981E-6
-80.0E+0,4.2619E-9,1.0500E-12,-1.8000E-6
-82.0E+0,4.3135E-9,1.1500E-12,-1.8022E-6
-84.0E+0,4.3644E-9,1.1500E-12,-1.8041E-6
-86.0E+0,4.4190E-9,999.9800E-15,-1.8062E-6
-88.0E+0,4.4729E-9,1.0500E-12,-1.8080E-6
-90.0E+0,4.5284E-9,1.0500E-12,-1.8099E-6
-92.0E+0,4.5864E-9,1.1500E-12,-1.8119E-6
-94.0E+0,4.6443E-9,1.0500E-12,-1.8136E-6
-96.0E+0,4.7023E-9,1.1000E-12,-1.8155E-6
-98.0E+0,4.7635E-9,1.1500E-12,-1.8173E-6
-100.0E+0,4.8244E-9,1.1000E-12,-1.8193E-6
-102.0E+0,4.8865E-9,1.1500E-12,-1.8211E-6
-104.0E+0,4.9524E-9,1.1000E-12,-1.8230E-6
-106.0E+0,5.0175E-9,1.1000E-12,-1.8251E-6
-108.0E+0,5.0829E-9,1.0500E-12,-1.8271E-6
-110.0E+0,5.1514E-9,999.9800E-15,-1.8296E-6
-112.0E+0,5.2219E-9,1.0500E-12,-1.8324E-6
-114.0E+0,5.2939E-9,1.1000E-12,-1.8356E-6
-116.0E+0,5.3669E-9,1.0500E-12,-1.8396E-6
-118.0E+0,5.4424E-9,1.1500E-12,-1.8443E-6
-120.0E+0,5.5193E-9,1.1000E-12,-1.8494E-6
-122.0E+0,5.5993E-9,1.0500E-12,-1.8548E-6
-124.0E+0,5.6798E-9,950.0200E-15,-1.8606E-6
-126.0E+0,5.7619E-9,1.0500E-12,-1.8662E-6
-128.0E+0,5.8494E-9,1.1500E-12,-1.8717E-6
-130.0E+0,5.9363E-9,1.0500E-12,-1.8772E-6
-132.0E+0,6.0258E-9,1.1000E-12,-1.8825E-6
-134.0E+0,6.1193E-9,1.1000E-12,-1.8878E-6
-136.0E+0,6.2139E-9,1.0500E-12,-1.8929E-6
-138.0E+0,6.3119E-9,1.1500E-12,-1.8978E-6
-140.0E+0,6.4124E-9,1.0500E-12,-1.9027E-6
-142.0E+0,6.5163E-9,1.1500E-12,-1.9072E-6
-144.0E+0,6.6234E-9,1.0500E-12,-1.9118E-6
-146.0E+0,6.7339E-9,1.1500E-12,-1.9163E-6
-148.0E+0,6.8469E-9,1.1500E-12,-1.9207E-6
-150.0E+0,6.9633E-9,950.0200E-15,-1.9248E-6
-152.0E+0,7.0863E-9,1.1000E-12,-1.9289E-6
-154.0E+0,7.2123E-9,1.0500E-12,-1.9332E-6
-156.0E+0,7.3424E-9,1.1500E-12,-1.9376E-6
-158.0E+0,7.4761E-9,1.0500E-12,-1.9422E-6
-160.0E+0,7.6143E-9,1.1000E-12,-1.9469E-6
-162.0E+0,7.7580E-9,1.1500E-12,-1.9512E-6
-164.0E+0,7.9090E-9,1.2000E-12,-1.9556E-6
-166.0E+0,8.0641E-9,1.1000E-12,-1.9596E-6
-168.0E+0,8.2218E-9,950.0200E-15,-1.9635E-6
-170.0E+0,8.3887E-9,1.1000E-12,-1.9672E-6
-172.0E+0,8.5629E-9,1.1000E-12,-1.9708E-6
-174.0E+0,8.7439E-9,1.2000E-12,-1.9743E-6
-176.0E+0,8.9321E-9,999.9800E-15,-1.9777E-6
-178.0E+0,9.1263E-9,950.0200E-15,-1.9809E-6
-180.0E+0,9.3296E-9,1.1000E-12,-1.9841E-6
-182.0E+0,9.5474E-9,1.1000E-12,-1.9871E-6
-184.0E+0,9.7707E-9,1.1000E-12,-1.9902E-6
-186.0E+0,10.0030E-9,1.0500E-12,-1.9932E-6
-188.0E+0,10.2490E-9,1.0500E-12,-1.9960E-6
-190.0E+0,10.5000E-9,999.9800E-15,-1.9988E-6
-192.0E+0,10.7650E-9,1.0500E-12,-2.0016E-6
-194.0E+0,11.0500E-9,1.1500E-12,-2.0042E-6
-196.0E+0,11.3500E-9,900.0000E-15,-2.0070E-6
-198.0E+0,11.6600E-9,1.1000E-12,-2.0097E-6
-200.0E+0,11.9950E-9,1.1000E-12,-2.0125E-6
-202.0E+0,12.3550E-9,1.0500E-12,-2.0149E-6
-204.0E+0,12.7250E-9,1.1000E-12,-2.0175E-6
-206.0E+0,13.1200E-9,1.0500E-12,-2.0200E-6
-208.0E+0,13.5400E-9,1.2000E-12,-2.0227E-6
-210.0E+0,13.9900E-9,999.9800E-15,-2.0252E-6
-212.0E+0,14.4650E-9,1.1000E-12,-2.0279E-6
-214.0E+0,14.9900E-9,1.1000E-12,-2.0306E-6
-216.0E+0,15.5350E-9,1.0500E-12,-2.0331E-6
-218.0E+0,16.1250E-9,1.1000E-12,-2.0357E-6
-220.0E+0,16.7700E-9,1.0500E-12,-2.0384E-6
-222.0E+0,17.4600E-9,1.2000E-12,-2.0412E-6
-224.0E+0,18.2150E-9,1.1000E-12,-2.0439E-6
-226.0E+0,19.0300E-9,1.0500E-12,-2.0468E-6
-228.0E+0,19.9200E-9,1.0500E-12,-2.0497E-6
-230.0E+0,20.9100E-9,1.1500E-12,-2.0525E-6
-232.0E+0,22.0000E-9,1.1000E-12,-2.0557E-6
-234.0E+0,23.1950E-9,1.1000E-12,-2.0588E-6
-236.0E+0,24.5400E-9,1.1500E-12,-2.0622E-6
-238.0E+0,26.0550E-9,1.0500E-12,-2.0658E-6
-240.0E+0,27.7500E-9,1.1000E-12,-2.0696E-6
-242.0E+0,29.6910E-9,1.0500E-12,-2.0734E-6
-244.0E+0,31.9340E-9,1.1500E-12,-2.0776E-6
-246.0E+0,34.5150E-9,1.1500E-12,-2.0824E-6
-248.0E+0,37.5550E-9,999.9800E-15,-2.0875E-6
-250.0E+0,41.2260E-9,1.0500E-12,-2.0931E-6
-252.0E+0,45.6000E-9,1.0500E-12,-2.0996E-6
-254.0E+0,51.0210E-9,999.9800E-15,-2.1072E-6
-256.0E+0,57.8950E-9,1.0500E-12,-2.1163E-6
-258.0E+0,66.7610E-9,1.0500E-12,-2.1273E-6
-260.0E+0,78.6350E-9,1.0500E-12,-2.1413E-6
-262.0E+0,95.3260E-9,1.1500E-12,-2.1602E-6
-264.0E+0,119.9000E-9,999.9800E-15,-2.1866E-6
-266.0E+0,158.0000E-9,1.1000E-12,-2.2275E-6
-268.0E+0,223.5500E-9,1.0500E-12,-2.2953E-6
-270.0E+0,345.7400E-9,1.0500E-12,-2.4198E-6
-272.0E+0,607.9800E-9,1.0500E-12,-2.6854E-6
-274.0E+0,1.2920E-6,950.0200E-15,-3.3706E-6
-276.0E+0,3.5654E-6,999.9800E-15,-5.6460E-6
