Temperature: 120.0 Up
Humidity: 2.0
Date: 31/10/2023 12:01 PM
Sweep Voltage,pad,gr,V,,conc
0.0E+0,-53.2400E-9,66.6660E-9,-14.8207E-9
-2.0E+0,8.0899E-9,3.5964E-6,-3.6071E-6
-4.0E+0,9.0508E-9,3.6129E-6,-3.6241E-6
-6.0E+0,9.3951E-9,3.6205E-6,-3.6326E-6
-8.0E+0,9.7202E-9,3.6269E-6,-3.6392E-6
-10.0E+0,10.1300E-9,3.6330E-6,-3.6453E-6
-12.0E+0,10.7000E-9,3.6380E-6,-3.6511E-6
-14.0E+0,11.5400E-9,3.6430E-6,-3.6566E-6
-16.0E+0,12.8150E-9,3.6469E-6,-3.6624E-6
-18.0E+0,14.6750E-9,3.6515E-6,-3.6687E-6
-20.0E+0,17.5450E-9,3.6559E-6,-3.6763E-6
-22.0E+0,23.9150E-9,3.6609E-6,-3.6875E-6
-24.0E+0,29.3400E-9,3.6655E-6,-3.6974E-6
-26.0E+0,30.1210E-9,3.6700E-6,-3.7029E-6
-28.0E+0,30.7100E-9,3.6750E-6,-3.7082E-6
-30.0E+0,31.2190E-9,3.6800E-6,-3.7135E-6
-32.0E+0,31.6790E-9,3.6844E-6,-3.7190E-6
-34.0E+0,32.1250E-9,3.6894E-6,-3.7246E-6
-36.0E+0,32.5710E-9,3.6949E-6,-3.7305E-6
-38.0E+0,32.9890E-9,3.7010E-6,-3.7366E-6
-40.0E+0,33.3660E-9,3.7064E-6,-3.7426E-6
-42.0E+0,33.7150E-9,3.7125E-6,-3.7487E-6
-44.0E+0,34.0500E-9,3.7190E-6,-3.7553E-6
-46.0E+0,34.3900E-9,3.7254E-6,-3.7623E-6
-48.0E+0,34.7350E-9,3.7319E-6,-3.7698E-6
-50.0E+0,35.0560E-9,3.7400E-6,-3.7773E-6
-52.0E+0,35.3850E-9,3.7469E-6,-3.7849E-6
-54.0E+0,35.7100E-9,3.7545E-6,-3.7926E-6
-56.0E+0,36.0250E-9,3.7609E-6,-3.7999E-6
-58.0E+0,36.3450E-9,3.7685E-6,-3.8071E-6
-60.0E+0,36.6800E-9,3.7755E-6,-3.8142E-6
-62.0E+0,37.0050E-9,3.7814E-6,-3.8213E-6
-64.0E+0,37.3200E-9,3.7885E-6,-3.8282E-6
-66.0E+0,37.6750E-9,3.7949E-6,-3.8352E-6
-68.0E+0,38.0210E-9,3.8014E-6,-3.8418E-6
-70.0E+0,38.3640E-9,3.8070E-6,-3.8481E-6
-72.0E+0,38.7010E-9,3.8125E-6,-3.8542E-6
-74.0E+0,39.0390E-9,3.8184E-6,-3.8598E-6
-76.0E+0,39.3990E-9,3.8235E-6,-3.8655E-6
-78.0E+0,39.7650E-9,3.8289E-6,-3.8713E-6
-80.0E+0,40.1190E-9,3.8340E-6,-3.8767E-6
-82.0E+0,40.5050E-9,3.8389E-6,-3.8820E-6
-84.0E+0,40.8850E-9,3.8440E-6,-3.8873E-6
-86.0E+0,41.2600E-9,3.8485E-6,-3.8926E-6
-88.0E+0,41.6290E-9,3.8541E-6,-3.8980E-6
-90.0E+0,42.0240E-9,3.8580E-6,-3.9030E-6
-92.0E+0,42.4150E-9,3.8629E-6,-3.9078E-6
-94.0E+0,42.8040E-9,3.8676E-6,-3.9131E-6
-96.0E+0,43.2300E-9,3.8720E-6,-3.9180E-6
-98.0E+0,43.6560E-9,3.8764E-6,-3.9232E-6
-100.0E+0,44.0650E-9,3.8811E-6,-3.9279E-6
-102.0E+0,44.4910E-9,3.8859E-6,-3.9331E-6
-104.0E+0,44.9250E-9,3.8904E-6,-3.9384E-6
-106.0E+0,45.3550E-9,3.8955E-6,-3.9436E-6
-108.0E+0,45.8290E-9,3.9004E-6,-3.9490E-6
-110.0E+0,46.2840E-9,3.9060E-6,-3.9550E-6
-112.0E+0,46.7350E-9,3.9116E-6,-3.9608E-6
-114.0E+0,47.2100E-9,3.9181E-6,-3.9675E-6
-116.0E+0,47.6900E-9,3.9244E-6,-3.9748E-6
-118.0E+0,48.1850E-9,3.9320E-6,-3.9832E-6
-120.0E+0,48.6800E-9,3.9414E-6,-3.9931E-6
-122.0E+0,49.2000E-9,3.9514E-6,-4.0039E-6
-124.0E+0,49.7090E-9,3.9635E-6,-4.0160E-6
-126.0E+0,50.2290E-9,3.9754E-6,-4.0287E-6
-128.0E+0,50.7950E-9,3.9879E-6,-4.0416E-6
-130.0E+0,51.3350E-9,4.0005E-6,-4.0547E-6
-132.0E+0,51.8850E-9,4.0131E-6,-4.0678E-6
-134.0E+0,52.4540E-9,4.0254E-6,-4.0803E-6
-136.0E+0,53.0400E-9,4.0371E-6,-4.0929E-6
-138.0E+0,53.6290E-9,4.0489E-6,-4.1053E-6
-140.0E+0,54.2660E-9,4.0599E-6,-4.1175E-6
-142.0E+0,54.8840E-9,4.0715E-6,-4.1293E-6
-144.0E+0,55.5160E-9,4.0820E-6,-4.1406E-6
-146.0E+0,56.1650E-9,4.0929E-6,-4.1519E-6
-148.0E+0,56.8310E-9,4.1029E-6,-4.1630E-6
-150.0E+0,57.5050E-9,4.1130E-6,-4.1736E-6
-152.0E+0,58.2010E-9,4.1225E-6,-4.1839E-6
-154.0E+0,58.9240E-9,4.1320E-6,-4.1939E-6
-156.0E+0,59.6550E-9,4.1404E-6,-4.2036E-6
-158.0E+0,60.4050E-9,4.1500E-6,-4.2133E-6
-160.0E+0,61.1650E-9,4.1584E-6,-4.2226E-6
-162.0E+0,61.9510E-9,4.1674E-6,-4.2321E-6
-164.0E+0,62.7590E-9,4.1765E-6,-4.2424E-6
-166.0E+0,63.5850E-9,4.1865E-6,-4.2527E-6
-168.0E+0,64.4210E-9,4.1954E-6,-4.2628E-6
-170.0E+0,65.3090E-9,4.2045E-6,-4.2728E-6
-172.0E+0,66.2110E-9,4.2131E-6,-4.2823E-6
-174.0E+0,67.1240E-9,4.2210E-6,-4.2913E-6
-176.0E+0,68.0590E-9,4.2289E-6,-4.3006E-6
-178.0E+0,69.0160E-9,4.2375E-6,-4.3092E-6
-180.0E+0,70.0200E-9,4.2445E-6,-4.3180E-6
-182.0E+0,71.0460E-9,4.2524E-6,-4.3264E-6
-184.0E+0,72.0940E-9,4.2594E-6,-4.3349E-6
-186.0E+0,73.1710E-9,4.2664E-6,-4.3430E-6
-188.0E+0,74.3240E-9,4.2734E-6,-4.3514E-6
-190.0E+0,75.4590E-9,4.2804E-6,-4.3592E-6
-192.0E+0,76.6590E-9,4.2873E-6,-4.3672E-6
-194.0E+0,77.8960E-9,4.2939E-6,-4.3750E-6
-196.0E+0,79.1550E-9,4.3004E-6,-4.3827E-6
-198.0E+0,80.4680E-9,4.3074E-6,-4.3906E-6
-200.0E+0,81.8250E-9,4.3130E-6,-4.3981E-6
-202.0E+0,83.2290E-9,4.3195E-6,-4.4055E-6
-204.0E+0,84.6700E-9,4.3255E-6,-4.4131E-6
-206.0E+0,86.1690E-9,4.3309E-6,-4.4206E-6
-208.0E+0,87.7330E-9,4.3374E-6,-4.4281E-6
-210.0E+0,89.3600E-9,4.3430E-6,-4.4356E-6
-212.0E+0,91.0260E-9,4.3495E-6,-4.4431E-6
-214.0E+0,92.7540E-9,4.3544E-6,-4.4505E-6
-216.0E+0,94.5910E-9,4.3605E-6,-4.4580E-6
-218.0E+0,96.4390E-9,4.3660E-6,-4.4655E-6
-220.0E+0,98.4040E-9,4.3714E-6,-4.4730E-6
-222.0E+0,100.4400E-9,4.3770E-6,-4.4806E-6
-224.0E+0,102.5500E-9,4.3823E-6,-4.4883E-6
-226.0E+0,104.8500E-9,4.3884E-6,-4.4959E-6
-228.0E+0,107.1000E-9,4.3935E-6,-4.5036E-6
-230.0E+0,109.5000E-9,4.3989E-6,-4.5113E-6
-232.0E+0,112.0500E-9,4.4045E-6,-4.5193E-6
-234.0E+0,114.7000E-9,4.4094E-6,-4.5273E-6
-236.0E+0,117.4500E-9,4.4145E-6,-4.5354E-6
-238.0E+0,120.3400E-9,4.4201E-6,-4.5438E-6
-240.0E+0,123.4500E-9,4.4254E-6,-4.5523E-6
-242.0E+0,126.7000E-9,4.4310E-6,-4.5605E-6
-244.0E+0,130.0500E-9,4.4364E-6,-4.5697E-6
-246.0E+0,133.6400E-9,4.4419E-6,-4.5786E-6
-248.0E+0,137.4500E-9,4.4471E-6,-4.5880E-6
-250.0E+0,141.5000E-9,4.4529E-6,-4.5977E-6
-252.0E+0,145.7400E-9,4.4589E-6,-4.6074E-6
-254.0E+0,150.3000E-9,4.4641E-6,-4.6176E-6
-256.0E+0,155.0900E-9,4.4699E-6,-4.6282E-6
-258.0E+0,160.2500E-9,4.4759E-6,-4.6391E-6
-260.0E+0,165.7500E-9,4.4815E-6,-4.6504E-6
-262.0E+0,171.7000E-9,4.4874E-6,-4.6624E-6
-264.0E+0,178.0500E-9,4.4934E-6,-4.6747E-6
-266.0E+0,184.8500E-9,4.4995E-6,-4.6880E-6
-268.0E+0,192.3000E-9,4.5060E-6,-4.7016E-6
-270.0E+0,200.3000E-9,4.5125E-6,-4.7160E-6
-272.0E+0,208.9900E-9,4.5190E-6,-4.7313E-6
-274.0E+0,218.6000E-9,4.5260E-6,-4.7475E-6
-276.0E+0,229.0500E-9,4.5325E-6,-4.7649E-6
-278.0E+0,240.5400E-9,4.5395E-6,-4.7834E-6
-280.0E+0,253.3900E-9,4.5465E-6,-4.8033E-6
-282.0E+0,267.6000E-9,4.5539E-6,-4.8250E-6
-284.0E+0,283.5000E-9,4.5619E-6,-4.8487E-6
-286.0E+0,301.5900E-9,4.5700E-6,-4.8746E-6
-288.0E+0,321.9900E-9,4.5775E-6,-4.9033E-6
-290.0E+0,345.2900E-9,4.5870E-6,-4.9354E-6
-292.0E+0,372.6500E-9,4.5970E-6,-4.9731E-6
-294.0E+0,404.1900E-9,4.6114E-6,-5.0189E-6
-296.0E+0,441.6900E-9,4.6419E-6,-5.0888E-6
-298.0E+0,487.1400E-9,4.7670E-6,-5.2594E-6
-300.0E+0,542.4400E-9,5.3283E-6,-5.8970E-6
-302.0E+0,611.5000E-9,6.8729E-6,-7.1683E-6
-304.0E+0,700.6700E-9,8.7344E-6,-8.9150E-6
