Temperature: 21 C
Humidity: 12 %
Date: 2024-12-10 11:50:43.477198
voltage,pad,gr,totalCurrent
0.006360084,-1.686414E-08,+8.896955E-09,1.197603e-08
-1.997949,-3.020426E-09,+6.176780E-11,8.927759e-09
-3.985005,-1.220849E-09,-1.163012E-10,4.324296e-09
-5.999212,-2.562550E-09,+2.177647E-11,-2.685147e-08
-7.99124,+1.393908E-09,-2.499668E-11,1.599337e-08
-9.988593,-2.287595E-09,-6.016149E-11,2.746608e-11
-12.00335,-1.289769E-09,-1.323933E-10,-3.77629e-09
-13.99028,-2.982238E-09,-3.158602E-10,-4.113021e-09
-15.98713,-1.172358E-09,-5.547745E-11,-7.37237e-10
-17.99477,-2.646787E-09,-8.850927E-11,-5.618682e-09
-19.99127,+1.368328E-09,-2.959570E-11,-9.026318e-10
-21.98538,-1.361226E-09,+3.438544E-10,-5.790206e-10
-23.99902,-6.039223E-10,-3.851510E-10,-1.181006e-09
-25.99406,-1.005491E-09,-6.328243E-12,-5.338844e-10
-27.9869,-1.409006E-09,+1.380658E-10,9.763111e-10
-30.00148,-8.854338E-10,-2.108331E-11,-2.670398e-09
-31.99059,-1.080732E-09,+1.785245E-10,-2.004903e-09
-33.98761,-1.183106E-09,+5.054084E-12,-5.257703e-10
-35.99922,-1.106845E-09,+1.468932E-10,1.402663e-09
-37.99314,-1.211096E-09,-7.277431E-11,-1.352733e-09
-39.99265,-1.415475E-09,-1.624889E-10,-4.445062e-10
-42.00288,-1.265453E-09,-5.139425E-12,-2.032031e-09
-43.99664,-1.573298E-09,+9.305876E-12,-2.155003e-09
-45.99198,-1.519693E-09,-2.160096E-10,-4.985857e-09
-48.00455,-9.650899E-10,+2.143992E-11,-1.688129e-09
-49.99221,-1.271956E-09,-2.180001E-10,2.759401e-09
-51.98909,-1.303668E-09,-1.020374E-10,-1.067827e-09
-54.00596,-1.519833E-09,-1.442283E-10,-2.826272e-09
-55.99637,-1.812720E-09,-5.145031E-11,-6.172755e-10
-57.99105,-1.265797E-09,-1.410832E-10,-1.408362e-09
-60.00332,-1.587683E-09,-4.713145E-10,-1.513921e-09
-61.99564,-1.580223E-09,-8.819432E-11,-3.104517e-09
-63.99088,-1.886936E-09,+6.943735E-11,-2.177923e-09
-66.00309,-1.446425E-09,-9.604956E-11,-3.868734e-09
-67.99809,-1.923558E-09,+1.272373E-10,-4.46735e-10
-69.98893,-9.212334E-10,-5.539571E-11,-1.060945e-09
-72.00595,-2.182318E-09,-7.248701E-11,-1.562474e-09
-73.99758,-2.603057E-09,-4.175385E-10,-2.795504e-09
-75.99641,-2.121415E-09,+1.714952E-10,-3.757827e-09
-77.9867,-2.547516E-09,-1.545930E-10,-3.457971e-09
-79.99874,-2.092002E-09,-3.053663E-10,-3.866855e-09
-81.99699,-1.916249E-09,-4.285650E-10,-1.681989e-09
-83.99055,-2.633503E-09,-1.430771E-10,-2.588788e-09
-86.00289,-2.835649E-09,-3.818260E-11,-3.077007e-09
-87.99618,-3.195052E-09,-8.594868E-11,-4.715875e-09
-89.99146,-2.917691E-09,-8.826893E-11,-5.733345e-09
-92.0024,-2.830069E-09,-1.398447E-10,-4.23951e-09
-93.99747,-2.943241E-09,-2.181007E-10,-5.165781e-09
-95.9953,-3.101818E-09,-2.280740E-10,-3.626531e-09
-98.00275,-2.252829E-09,-9.216380E-11,-4.698973e-09
-99.99985,-3.364689E-09,-7.266612E-11,-3.06907e-09
-101.991,-3.402000E-09,-1.111583E-10,-2.633665e-09
-104.0036,-3.616795E-09,-1.037372E-10,-3.839379e-09
-105.9981,-3.913158E-09,-1.234874E-10,-5.556238e-09
-107.9904,-3.913212E-09,-7.132099E-11,-2.815397e-09
-110.0033,-4.050632E-09,-2.007747E-10,-4.190961e-09
-111.9982,-4.315586E-09,+4.322443E-10,-4.044924e-09
-113.9957,-4.467869E-09,-3.571761E-10,-5.053027e-09
-116.0051,-6.384223E-09,-1.864413E-10,-4.256524e-09
-118.002,-4.584077E-09,-1.332918E-10,-9.442767e-09
-119.9914,-5.638211E-09,-1.048868E-10,-6.492706e-09
-122.0042,-5.820160E-09,-1.872970E-10,-5.606079e-09
-124.0041,-5.888578E-09,-3.566934E-10,-6.904961e-09
-125.9926,-6.556884E-09,-1.234609E-10,-6.274062e-09
-128.0092,-6.530756E-09,-1.049787E-10,-4.522642e-09
-130.0025,-7.060920E-09,-1.149496E-10,-7.180171e-09
-131.9956,-7.279904E-09,-1.030432E-10,-7.153273e-09
-134.0033,-8.038544E-09,-1.253940E-10,-8.009367e-09
-136.0013,-8.731243E-09,-1.060651E-10,-9.084577e-09
-137.997,-9.264660E-09,-1.596694E-10,-9.12264e-09
-140.0074,-9.313697E-09,+8.785342E-11,-8.368073e-09
-142.0034,-1.062064E-08,-3.332504E-11,-1.146062e-08
-143.9942,-1.209411E-08,-9.267695E-11,-1.217558e-08
-146.0114,-1.350752E-08,-1.315322E-11,-1.382428e-08
-148.0093,-1.543735E-08,-1.959137E-10,-1.574396e-08
-150.0022,-1.711270E-08,-1.331698E-10,-1.800523e-08
-152.0151,-1.865333E-08,-1.069966E-10,-2.064324e-08
-154.0082,-2.346257E-08,-5.692199E-11,-2.317307e-08
-156.0052,-2.908348E-08,-1.163554E-10,-2.807815e-08
-158.0146,-3.641554E-08,-2.024353E-10,-3.615731e-08
-160.0128,-4.995111E-08,-1.348755E-10,-4.99166e-08
-162.0054,-7.578146E-08,-1.371957E-10,-7.664253e-08
-164.0141,-1.449925E-07,-1.636676E-10,-1.534989e-07
-166.0389,-8.497800E-07,-4.521957E-10,-8.84584e-07
-167.2845,-9.874248E-06,-5.540579E-10,-6.055668e-06
-167.6814,-1.011778E-05,-5.482688E-11,-9.386444e-06
