Temperature: 21 C
Humidity: 8 %
Date: 2024-12-10 12:08:56.319609
voltage,pad,gr,totalCurrent
0.004344635,-4.619372E-07,+4.940451E-07,1.192814e-08
-1.997026,+3.132164E-09,-1.470244E-10,7.471303e-09
-3.986538,-4.902343E-09,+3.516598E-10,8.76186e-09
-5.997921,-5.466526E-09,-7.424519E-11,-2.964748e-09
-7.997734,-4.451229E-09,-1.654362E-11,1.095108e-08
-9.985612,-5.394715E-09,-1.797453E-10,5.314882e-09
-12.00155,+3.720047E-09,-4.209162E-11,1.929762e-09
-13.9882,-4.742296E-09,-3.696665E-11,2.896255e-09
-15.99095,+4.531011E-09,-5.695664E-11,1.081407e-08
-17.99962,+1.015962E-09,+5.421162E-10,3.396118e-08
-19.99317,-3.141964E-09,+8.551120E-12,-2.814329e-08
-21.98606,-1.003010E-09,+5.300563E-11,-2.303669e-10
-23.99929,-3.387985E-10,-1.419107E-10,-8.368593e-10
-25.99352,-1.003709E-09,-1.390072E-11,-1.327939e-09
-27.98804,-1.326630E-09,+2.077102E-11,-1.248955e-09
-30.00149,-9.203508E-10,-5.674985E-11,-1.112071e-09
-31.99217,-1.125621E-09,-1.076368E-10,-1.371151e-09
-33.98896,-8.443423E-10,-8.793281E-11,-1.382831e-09
-35.9983,-1.236604E-09,+1.266111E-10,-7.286739e-10
-37.99133,-1.235193E-09,-2.733228E-11,-1.266728e-09
-39.99102,-1.108236E-09,-1.330780E-10,-1.669769e-09
-42.00111,-1.399686E-09,-1.250677E-10,-6.104951e-10
-43.99683,-1.250932E-09,-1.105265E-10,-1.848463e-09
-45.99207,-1.675224E-09,-1.384418E-10,-1.120529e-09
-48.00338,-1.192494E-09,-1.103394E-10,-1.006361e-09
-49.99384,-1.660100E-09,+1.635291E-10,-2.148262e-10
-51.98802,-1.717385E-09,-8.440205E-11,-1.718564e-09
-54.00619,-9.980387E-10,-1.460087E-10,-1.354819e-09
-55.99636,-1.518244E-09,-6.964730E-11,-1.043524e-09
-57.99178,-1.306340E-09,-1.418566E-10,-2.46021e-09
-60.00156,-1.481116E-09,-1.021855E-10,-1.142359e-09
-61.99578,-1.863189E-09,-4.871432E-11,1.639415e-10
-63.99217,-1.862377E-09,-8.011550E-11,-5.191032e-09
-66.00284,-2.004164E-09,-1.218976E-10,-1.660165e-09
-67.99702,-1.434667E-09,-1.229359E-10,-2.347625e-09
-69.98973,-1.971571E-09,-1.813598E-10,-2.012929e-09
-72.00616,-2.066123E-09,-1.215449E-10,-3.118083e-09
-73.99886,-2.590419E-09,-1.686025E-10,-1.48586e-09
-75.99705,-2.642933E-09,-2.531979E-10,-2.020986e-09
-77.98882,-2.326658E-09,-9.900179E-12,-3.063982e-09
-79.99992,-2.046240E-09,-8.283301E-11,-2.675989e-09
-81.99797,-2.454580E-09,-1.536788E-10,-1.882564e-09
-83.98785,-2.586544E-09,-3.478428E-11,-2.339065e-09
-86.00048,-2.964343E-09,-2.036456E-10,-2.534699e-09
-87.99457,-2.913319E-09,-1.121781E-10,-2.375382e-09
-89.99194,-2.804574E-09,-1.555958E-10,-3.295392e-09
-92.00016,-2.848646E-09,-2.248116E-10,-3.275402e-09
-93.99728,-2.699443E-09,-3.450387E-10,-4.984577e-09
-95.99205,-3.288320E-09,-1.537522E-10,-3.531956e-09
-98.00151,-2.728853E-09,-1.716553E-10,-3.120934e-09
-99.9993,-3.379988E-09,-9.451179E-11,-8.901581e-10
-101.991,-4.300204E-09,-2.566976E-10,1.459287e-10
-104.0043,-3.639012E-09,-1.085497E-10,-3.513736e-09
-105.9963,-3.960335E-09,-8.864361E-11,-3.98187e-09
-107.9897,-3.564330E-09,-6.923137E-11,-4.380935e-09
-110.0042,-4.278189E-09,-1.155848E-10,-3.52122e-09
-111.9992,-4.357879E-09,+1.780903E-11,-4.831255e-09
-113.9933,-5.070380E-09,-1.858241E-10,-4.627011e-09
-116.0032,-4.796031E-09,-1.416644E-10,-5.294268e-09
-118.0009,-5.074864E-09,-2.265586E-10,-4.376204e-09
-119.9922,-5.380849E-09,-6.790933E-11,-6.388286e-09
-122.0063,-5.579135E-09,-4.303791E-10,-5.790816e-09
-124.0017,-5.778096E-09,-1.455076E-10,-5.733702e-09
-125.9927,-6.292929E-09,+7.176357E-12,-7.868326e-09
-128.0089,-6.690626E-09,-4.586124E-10,-7.277046e-09
-130.0008,-7.159916E-09,-1.811195E-10,-9.806431e-09
-131.9946,-7.402289E-09,+3.445287E-11,-7.655973e-09
-134.0035,-7.845261E-09,+3.150412E-10,-8.628232e-09
-135.9986,-8.729081E-09,-1.622884E-11,-9.4771e-09
-137.9973,-9.323531E-09,-1.119586E-10,-7.974158e-09
-140.0071,-9.650817E-09,-3.053946E-10,-9.771391e-09
-142.0019,-1.110862E-08,-1.061170E-10,-1.122026e-08
-143.9939,-1.162915E-08,-2.670273E-10,-1.432377e-08
-146.0119,-1.364834E-08,-2.035178E-10,-1.323186e-08
-148.0097,-1.526424E-08,-1.382634E-10,-1.474877e-08
-150.0012,-1.713334E-08,-1.115542E-10,-1.684212e-08
-152.0149,-1.988407E-08,-1.080833E-10,-1.99307e-08
-154.0065,-2.079049E-08,-9.900026E-11,-2.434848e-08
-156.0043,-2.798754E-08,-3.569396E-10,-2.907916e-08
-158.0131,-3.588054E-08,-1.384873E-10,-3.613247e-08
-160.0115,-4.915509E-08,-2.156559E-10,-4.884798e-08
-162.0064,-7.618313E-08,-1.436548E-10,-7.488894e-08
-164.0133,-1.409534E-07,-4.055349E-11,-1.492306e-07
-166.0278,-8.897274E-07,-1.970731E-10,-8.235307e-07
-166.2204,-7.124747E-06,-1.369012E-10,-6.95159e-06
-166.9953,-1.035261E-05,-1.329385E-10,-9.719529e-06
