Temperature: 80.0 Up
Humidity: 2.0
Date: 02/11/2023 12:52 PM
Sweep Voltage,pad,gr,V,,conc
0.0E+0,-8.4351E-9,14.2050E-9,-5.6954E-9
-2.0E+0,255.8500E-12,1.7085E-6,-1.7102E-6
-4.0E+0,464.9900E-12,1.7115E-6,-1.7137E-6
-6.0E+0,556.5000E-12,1.7135E-6,-1.7158E-6
-8.0E+0,589.9800E-12,1.7155E-6,-1.7175E-6
-10.0E+0,627.9800E-12,1.7170E-6,-1.7190E-6
-12.0E+0,688.4900E-12,1.7180E-6,-1.7203E-6
-14.0E+0,782.9900E-12,1.7195E-6,-1.7217E-6
-16.0E+0,935.9800E-12,1.7200E-6,-1.7230E-6
-18.0E+0,1.1785E-9,1.7215E-6,-1.7244E-6
-20.0E+0,1.5794E-9,1.7230E-6,-1.7261E-6
-22.0E+0,2.3165E-9,1.7240E-6,-1.7280E-6
-24.0E+0,2.7990E-9,1.7255E-6,-1.7298E-6
-26.0E+0,2.8814E-9,1.7265E-6,-1.7312E-6
-28.0E+0,2.9514E-9,1.7280E-6,-1.7325E-6
-30.0E+0,3.0184E-9,1.7295E-6,-1.7342E-6
-32.0E+0,3.0824E-9,1.7310E-6,-1.7356E-6
-34.0E+0,3.1434E-9,1.7325E-6,-1.7373E-6
-36.0E+0,3.1994E-9,1.7340E-6,-1.7389E-6
-38.0E+0,3.2519E-9,1.7360E-6,-1.7408E-6
-40.0E+0,3.2969E-9,1.7380E-6,-1.7427E-6
-42.0E+0,3.3399E-9,1.7400E-6,-1.7448E-6
-44.0E+0,3.3839E-9,1.7420E-6,-1.7468E-6
-46.0E+0,3.4254E-9,1.7435E-6,-1.7489E-6
-48.0E+0,3.4674E-9,1.7470E-6,-1.7516E-6
-50.0E+0,3.5069E-9,1.7495E-6,-1.7542E-6
-52.0E+0,3.5524E-9,1.7515E-6,-1.7569E-6
-54.0E+0,3.5939E-9,1.7545E-6,-1.7596E-6
-56.0E+0,3.6370E-9,1.7570E-6,-1.7621E-6
-58.0E+0,3.6809E-9,1.7595E-6,-1.7646E-6
-60.0E+0,3.7239E-9,1.7620E-6,-1.7670E-6
-62.0E+0,3.7674E-9,1.7645E-6,-1.7695E-6
-64.0E+0,3.8124E-9,1.7670E-6,-1.7720E-6
-66.0E+0,3.8583E-9,1.7685E-6,-1.7743E-6
-68.0E+0,3.9045E-9,1.7710E-6,-1.7765E-6
-70.0E+0,3.9479E-9,1.7735E-6,-1.7789E-6
-72.0E+0,3.9970E-9,1.7750E-6,-1.7810E-6
-74.0E+0,4.0454E-9,1.7775E-6,-1.7830E-6
-76.0E+0,4.0950E-9,1.7790E-6,-1.7852E-6
-78.0E+0,4.1425E-9,1.7810E-6,-1.7871E-6
-80.0E+0,4.1939E-9,1.7830E-6,-1.7892E-6
-82.0E+0,4.2460E-9,1.7850E-6,-1.7910E-6
-84.0E+0,4.2965E-9,1.7870E-6,-1.7931E-6
-86.0E+0,4.3474E-9,1.7890E-6,-1.7949E-6
-88.0E+0,4.4029E-9,1.7905E-6,-1.7967E-6
-90.0E+0,4.4588E-9,1.7920E-6,-1.7988E-6
-92.0E+0,4.5145E-9,1.7945E-6,-1.8004E-6
-94.0E+0,4.5718E-9,1.7960E-6,-1.8022E-6
-96.0E+0,4.6293E-9,1.7975E-6,-1.8040E-6
-98.0E+0,4.6894E-9,1.7995E-6,-1.8058E-6
-100.0E+0,4.7489E-9,1.8010E-6,-1.8076E-6
-102.0E+0,4.8128E-9,1.8030E-6,-1.8093E-6
-104.0E+0,4.8753E-9,1.8040E-6,-1.8111E-6
-106.0E+0,4.9404E-9,1.8060E-6,-1.8127E-6
-108.0E+0,5.0063E-9,1.8080E-6,-1.8146E-6
-110.0E+0,5.0759E-9,1.8100E-6,-1.8166E-6
-112.0E+0,5.1439E-9,1.8115E-6,-1.8186E-6
-114.0E+0,5.2139E-9,1.8135E-6,-1.8206E-6
-116.0E+0,5.2885E-9,1.8155E-6,-1.8229E-6
-118.0E+0,5.3628E-9,1.8185E-6,-1.8255E-6
-120.0E+0,5.4374E-9,1.8215E-6,-1.8286E-6
-122.0E+0,5.5154E-9,1.8250E-6,-1.8322E-6
-124.0E+0,5.5975E-9,1.8290E-6,-1.8366E-6
-126.0E+0,5.6768E-9,1.8340E-6,-1.8415E-6
-128.0E+0,5.7660E-9,1.8390E-6,-1.8467E-6
-130.0E+0,5.8514E-9,1.8445E-6,-1.8521E-6
-132.0E+0,5.9388E-9,1.8495E-6,-1.8576E-6
-134.0E+0,6.0318E-9,1.8550E-6,-1.8628E-6
-136.0E+0,6.1280E-9,1.8605E-6,-1.8684E-6
-138.0E+0,6.2235E-9,1.8655E-6,-1.8735E-6
-140.0E+0,6.3228E-9,1.8705E-6,-1.8786E-6
-142.0E+0,6.4258E-9,1.8760E-6,-1.8837E-6
-144.0E+0,6.5317E-9,1.8805E-6,-1.8883E-6
-146.0E+0,6.6409E-9,1.8850E-6,-1.8933E-6
-148.0E+0,6.7560E-9,1.8895E-6,-1.8977E-6
-150.0E+0,6.8715E-9,1.8940E-6,-1.9022E-6
-152.0E+0,6.9913E-9,1.8975E-6,-1.9067E-6
-154.0E+0,7.1168E-9,1.9020E-6,-1.9109E-6
-156.0E+0,7.2460E-9,1.9065E-6,-1.9150E-6
-158.0E+0,7.3794E-9,1.9100E-6,-1.9192E-6
-160.0E+0,7.5151E-9,1.9140E-6,-1.9231E-6
-162.0E+0,7.6588E-9,1.9175E-6,-1.9273E-6
-164.0E+0,7.8103E-9,1.9220E-6,-1.9316E-6
-166.0E+0,7.9621E-9,1.9264E-6,-1.9360E-6
-168.0E+0,8.1200E-9,1.9305E-6,-1.9408E-6
-170.0E+0,8.2855E-9,1.9349E-6,-1.9450E-6
-172.0E+0,8.4574E-9,1.9390E-6,-1.9494E-6
-174.0E+0,8.6388E-9,1.9430E-6,-1.9535E-6
-176.0E+0,8.8266E-9,1.9465E-6,-1.9573E-6
-178.0E+0,9.0217E-9,1.9504E-6,-1.9612E-6
-180.0E+0,9.2232E-9,1.9540E-6,-1.9648E-6
-182.0E+0,9.4346E-9,1.9575E-6,-1.9685E-6
-184.0E+0,9.6561E-9,1.9604E-6,-1.9720E-6
-186.0E+0,9.8894E-9,1.9639E-6,-1.9753E-6
-188.0E+0,10.1360E-9,1.9665E-6,-1.9787E-6
-190.0E+0,10.3800E-9,1.9700E-6,-1.9822E-6
-192.0E+0,10.6500E-9,1.9730E-6,-1.9852E-6
-194.0E+0,10.9300E-9,1.9760E-6,-1.9885E-6
-196.0E+0,11.2250E-9,1.9785E-6,-1.9917E-6
-198.0E+0,11.5400E-9,1.9815E-6,-1.9948E-6
-200.0E+0,11.8750E-9,1.9835E-6,-1.9977E-6
-202.0E+0,12.2250E-9,1.9870E-6,-2.0006E-6
-204.0E+0,12.5950E-9,1.9890E-6,-2.0037E-6
-206.0E+0,12.9850E-9,1.9920E-6,-2.0068E-6
-208.0E+0,13.4150E-9,1.9940E-6,-2.0097E-6
-210.0E+0,13.8500E-9,1.9970E-6,-2.0126E-6
-212.0E+0,14.3350E-9,1.9990E-6,-2.0156E-6
-214.0E+0,14.8450E-9,2.0020E-6,-2.0186E-6
-216.0E+0,15.4000E-9,2.0040E-6,-2.0212E-6
-218.0E+0,15.9750E-9,2.0065E-6,-2.0243E-6
-220.0E+0,16.6150E-9,2.0090E-6,-2.0272E-6
-222.0E+0,17.3100E-9,2.0110E-6,-2.0302E-6
-224.0E+0,18.0600E-9,2.0135E-6,-2.0332E-6
-226.0E+0,18.8700E-9,2.0160E-6,-2.0364E-6
-228.0E+0,19.7700E-9,2.0179E-6,-2.0394E-6
-230.0E+0,20.7450E-9,2.0199E-6,-2.0427E-6
-232.0E+0,21.8350E-9,2.0225E-6,-2.0460E-6
-234.0E+0,23.0350E-9,2.0249E-6,-2.0492E-6
-236.0E+0,24.3850E-9,2.0264E-6,-2.0529E-6
-238.0E+0,25.8950E-9,2.0284E-6,-2.0565E-6
-240.0E+0,27.6000E-9,2.0310E-6,-2.0606E-6
-242.0E+0,29.5300E-9,2.0334E-6,-2.0647E-6
-244.0E+0,31.7850E-9,2.0355E-6,-2.0692E-6
-246.0E+0,34.4040E-9,2.0380E-6,-2.0739E-6
-248.0E+0,37.4350E-9,2.0399E-6,-2.0791E-6
-250.0E+0,41.1350E-9,2.0419E-6,-2.0853E-6
-252.0E+0,45.5550E-9,2.0440E-6,-2.0919E-6
-254.0E+0,51.0040E-9,2.0465E-6,-2.0995E-6
-256.0E+0,57.9690E-9,2.0484E-6,-2.1088E-6
-258.0E+0,66.9750E-9,2.0510E-6,-2.1201E-6
-260.0E+0,79.0640E-9,2.0534E-6,-2.1347E-6
-262.0E+0,96.1510E-9,2.0560E-6,-2.1541E-6
-264.0E+0,121.3000E-9,2.0585E-6,-2.1817E-6
-266.0E+0,160.7500E-9,2.0610E-6,-2.2238E-6
-268.0E+0,229.1500E-9,2.0630E-6,-2.2949E-6
-270.0E+0,358.2400E-9,2.0660E-6,-2.4266E-6
-272.0E+0,639.3800E-9,2.0685E-6,-2.7107E-6
-274.0E+0,1.3880E-6,2.0720E-6,-3.4627E-6
-276.0E+0,3.9640E-6,2.0745E-6,-6.0343E-6
