Temperature: 80.0 Down
Humidity: 5.0
Date: 25/10/2023 3:12 PM
Sweep Voltage,pad,gr,V,,conc
0.0E+0,83.3970E-9,100.0000E-15,-2.1270E-9
-2.0E+0,778.9800E-12,300.0000E-15,-1.7458E-6
-4.0E+0,479.9900E-12,200.0000E-15,-1.7494E-6
-6.0E+0,557.9500E-12,100.0000E-15,-1.7515E-6
-8.0E+0,577.9800E-12,249.9900E-15,-1.7532E-6
-10.0E+0,669.3600E-12,300.0000E-15,-1.7547E-6
-12.0E+0,786.9700E-12,200.0000E-15,-1.7560E-6
-14.0E+0,906.9900E-12,150.0000E-15,-1.7573E-6
-16.0E+0,1.0855E-9,200.0000E-15,-1.7585E-6
-18.0E+0,1.3555E-9,400.0000E-15,-1.7598E-6
-20.0E+0,1.7890E-9,350.0000E-15,-1.7614E-6
-22.0E+0,2.5724E-9,450.0000E-15,-1.7633E-6
-24.0E+0,3.0819E-9,350.0000E-15,-1.7650E-6
-26.0E+0,3.1589E-9,150.0000E-15,-1.7664E-6
-28.0E+0,3.2199E-9,100.0000E-15,-1.7677E-6
-30.0E+0,3.2759E-9,50.0000E-15,-1.7691E-6
-32.0E+0,3.3279E-9,150.0000E-15,-1.7704E-6
-34.0E+0,3.3814E-9,249.9900E-15,-1.7719E-6
-36.0E+0,3.4359E-9,350.0000E-15,-1.7736E-6
-38.0E+0,3.4889E-9,249.9900E-15,-1.7752E-6
-40.0E+0,3.5399E-9,150.0000E-15,-1.7771E-6
-42.0E+0,3.5859E-9,100.0000E-15,-1.7789E-6
-44.0E+0,3.6309E-9,350.0000E-15,-1.7810E-6
-46.0E+0,3.6749E-9,400.0000E-15,-1.7834E-6
-48.0E+0,3.7189E-9,400.0000E-15,-1.7862E-6
-50.0E+0,3.7623E-9,300.0000E-15,-1.7891E-6
-52.0E+0,3.8069E-9,200.0000E-15,-1.7921E-6
-54.0E+0,3.8519E-9,400.0000E-15,-1.7950E-6
-56.0E+0,3.8958E-9,200.0000E-15,-1.7977E-6
-58.0E+0,3.9408E-9,150.0000E-15,-1.8005E-6
-60.0E+0,3.9874E-9,100.0000E-15,-1.8031E-6
-62.0E+0,4.0338E-9,300.0000E-15,-1.8055E-6
-64.0E+0,4.0805E-9,350.0000E-15,-1.8078E-6
-66.0E+0,4.1280E-9,150.0000E-15,-1.8103E-6
-68.0E+0,4.1769E-9,300.0000E-15,-1.8125E-6
-70.0E+0,4.2255E-9,400.0000E-15,-1.8149E-6
-72.0E+0,4.2753E-9,400.0000E-15,-1.8170E-6
-74.0E+0,4.3265E-9,150.0000E-15,-1.8192E-6
-76.0E+0,4.3769E-9,200.0000E-15,-1.8213E-6
-78.0E+0,4.4295E-9,249.9900E-15,-1.8234E-6
-80.0E+0,4.4833E-9,400.0000E-15,-1.8254E-6
-82.0E+0,4.5368E-9,400.0000E-15,-1.8274E-6
-84.0E+0,4.5913E-9,249.9900E-15,-1.8292E-6
-86.0E+0,4.6489E-9,150.0000E-15,-1.8312E-6
-88.0E+0,4.7044E-9,50.0000E-15,-1.8328E-6
-90.0E+0,4.7639E-9,350.0000E-15,-1.8347E-6
-92.0E+0,4.8235E-9,499.9900E-15,-1.8365E-6
-94.0E+0,4.8833E-9,200.0000E-15,-1.8384E-6
-96.0E+0,4.9449E-9,200.0000E-15,-1.8401E-6
-98.0E+0,5.0079E-9,200.0000E-15,-1.8419E-6
-100.0E+0,5.0713E-9,249.9900E-15,-1.8436E-6
-102.0E+0,5.1368E-9,400.0000E-15,-1.8452E-6
-104.0E+0,5.2023E-9,350.0000E-15,-1.8469E-6
-106.0E+0,5.2703E-9,200.0000E-15,-1.8488E-6
-108.0E+0,5.3394E-9,100.0000E-15,-1.8506E-6
-110.0E+0,5.4120E-9,100.0000E-15,-1.8525E-6
-112.0E+0,5.4845E-9,400.0000E-15,-1.8545E-6
-114.0E+0,5.5600E-9,400.0000E-15,-1.8567E-6
-116.0E+0,5.6355E-9,350.0000E-15,-1.8591E-6
-118.0E+0,5.7128E-9,150.0000E-15,-1.8621E-6
-120.0E+0,5.7939E-9,200.0000E-15,-1.8658E-6
-122.0E+0,5.8765E-9,350.0000E-15,-1.8700E-6
-124.0E+0,5.9608E-9,450.0000E-15,-1.8749E-6
-126.0E+0,6.0463E-9,350.0000E-15,-1.8801E-6
-128.0E+0,6.1359E-9,350.0000E-15,-1.8857E-6
-130.0E+0,6.2253E-9,150.0000E-15,-1.8912E-6
-132.0E+0,6.3189E-9,249.9900E-15,-1.8967E-6
-134.0E+0,6.4158E-9,350.0000E-15,-1.9021E-6
-136.0E+0,6.5138E-9,450.0000E-15,-1.9075E-6
-138.0E+0,6.6154E-9,150.0000E-15,-1.9128E-6
-140.0E+0,6.7198E-9,150.0000E-15,-1.9179E-6
-142.0E+0,6.8273E-9,200.0000E-15,-1.9227E-6
-144.0E+0,6.9378E-9,400.0000E-15,-1.9277E-6
-146.0E+0,7.0543E-9,350.0000E-15,-1.9324E-6
-148.0E+0,7.1714E-9,249.9900E-15,-1.9370E-6
-150.0E+0,7.2919E-9,150.0000E-15,-1.9414E-6
-152.0E+0,7.4188E-9,150.0000E-15,-1.9458E-6
-154.0E+0,7.5474E-9,249.9900E-15,-1.9501E-6
-156.0E+0,7.6829E-9,200.0000E-15,-1.9544E-6
-158.0E+0,7.8221E-9,200.0000E-15,-1.9587E-6
-160.0E+0,7.9663E-9,249.9900E-15,-1.9632E-6
-162.0E+0,8.1136E-9,450.0000E-15,-1.9677E-6
-164.0E+0,8.2682E-9,350.0000E-15,-1.9726E-6
-166.0E+0,8.4278E-9,100.0000E-15,-1.9772E-6
-168.0E+0,8.5920E-9,150.0000E-15,-1.9814E-6
-170.0E+0,8.7648E-9,100.0000E-15,-1.9856E-6
-172.0E+0,8.9444E-9,150.0000E-15,-1.9897E-6
-174.0E+0,9.1304E-9,350.0000E-15,-1.9936E-6
-176.0E+0,9.3246E-9,400.0000E-15,-1.9973E-6
-178.0E+0,9.5256E-9,249.9900E-15,-2.0009E-6
-180.0E+0,9.7338E-9,350.0000E-15,-2.0044E-6
-182.0E+0,9.9562E-9,249.9900E-15,-2.0079E-6
-184.0E+0,10.1870E-9,100.0000E-15,-2.0112E-6
-186.0E+0,10.4150E-9,200.0000E-15,-2.0144E-6
-188.0E+0,10.6600E-9,400.0000E-15,-2.0174E-6
-190.0E+0,10.9350E-9,150.0000E-15,-2.0205E-6
-192.0E+0,11.2050E-9,400.0000E-15,-2.0237E-6
-194.0E+0,11.4900E-9,400.0000E-15,-2.0267E-6
-196.0E+0,11.8000E-9,249.9900E-15,-2.0296E-6
-198.0E+0,12.1250E-9,150.0000E-15,-2.0325E-6
-200.0E+0,12.4650E-9,249.9900E-15,-2.0355E-6
-202.0E+0,12.8300E-9,350.0000E-15,-2.0383E-6
-204.0E+0,13.2100E-9,350.0000E-15,-2.0411E-6
-206.0E+0,13.6150E-9,150.0000E-15,-2.0439E-6
-208.0E+0,14.0450E-9,450.0000E-15,-2.0466E-6
-210.0E+0,14.5050E-9,400.0000E-15,-2.0493E-6
-212.0E+0,14.9900E-9,249.9900E-15,-2.0522E-6
-214.0E+0,15.5200E-9,150.0000E-15,-2.0551E-6
-216.0E+0,16.0800E-9,150.0000E-15,-2.0579E-6
-218.0E+0,16.6800E-9,249.9900E-15,-2.0607E-6
-220.0E+0,17.3300E-9,450.0000E-15,-2.0636E-6
-222.0E+0,18.0300E-9,350.0000E-15,-2.0664E-6
-224.0E+0,18.7900E-9,150.0000E-15,-2.0694E-6
-226.0E+0,19.6150E-9,150.0000E-15,-2.0723E-6
-228.0E+0,20.5100E-9,400.0000E-15,-2.0755E-6
-230.0E+0,21.5000E-9,499.9900E-15,-2.0786E-6
-232.0E+0,22.6000E-9,200.0000E-15,-2.0817E-6
-234.0E+0,23.8050E-9,400.0000E-15,-2.0851E-6
-236.0E+0,25.1400E-9,300.0000E-15,-2.0886E-6
-238.0E+0,26.6450E-9,150.0000E-15,-2.0923E-6
-240.0E+0,28.3400E-9,200.0000E-15,-2.0961E-6
-242.0E+0,30.2500E-9,400.0000E-15,-2.1001E-6
-244.0E+0,32.4800E-9,450.0000E-15,-2.1045E-6
-246.0E+0,35.0150E-9,249.9900E-15,-2.1093E-6
-248.0E+0,37.9700E-9,150.0000E-15,-2.1145E-6
-250.0E+0,41.5260E-9,150.0000E-15,-2.1202E-6
-252.0E+0,45.7550E-9,350.0000E-15,-2.1266E-6
-254.0E+0,50.9350E-9,450.0000E-15,-2.1342E-6
-256.0E+0,57.4150E-9,300.0000E-15,-2.1429E-6
-258.0E+0,65.7050E-9,150.0000E-15,-2.1535E-6
-260.0E+0,76.6300E-9,150.0000E-15,-2.1666E-6
-262.0E+0,91.6730E-9,200.0000E-15,-2.1841E-6
-264.0E+0,113.2500E-9,400.0000E-15,-2.2082E-6
-266.0E+0,145.9500E-9,249.9900E-15,-2.2433E-6
-268.0E+0,199.9000E-9,150.0000E-15,-2.2999E-6
-270.0E+0,296.2900E-9,100.0000E-15,-2.3986E-6
-272.0E+0,490.4900E-9,249.9900E-15,-2.5961E-6
-274.0E+0,955.0700E-9,300.0000E-15,-3.0630E-6
-276.0E+0,2.3140E-6,249.9900E-15,-4.4284E-6
