Temperature: 20.0 Up
Humidity: 13.0
Date: 25/10/2023 11:41 AM
Sweep Voltage,pad,gr,V,,conc
0.0E+0,63.8500E-9,50.0000E-15,-197.7010E-12
-2.0E+0,73.3990E-12,-100.0000E-15,-343.0268E-9
-4.0E+0,84.1500E-12,150.0000E-15,-343.2240E-9
-6.0E+0,75.3990E-12,400.0000E-15,-343.3434E-9
-8.0E+0,69.6510E-12,350.0000E-15,-343.4913E-9
-10.0E+0,65.2990E-12,400.0000E-15,-343.5902E-9
-12.0E+0,62.2510E-12,249.9900E-15,-343.7264E-9
-14.0E+0,60.5990E-12,200.0000E-15,-343.8519E-9
-16.0E+0,59.0500E-12,400.0000E-15,-343.9553E-9
-18.0E+0,59.4020E-12,300.0000E-15,-344.0571E-9
-20.0E+0,63.7500E-12,50.0000E-15,-344.1831E-9
-22.0E+0,64.5990E-12,400.0000E-15,-343.3880E-9
-24.0E+0,75.0510E-12,350.0000E-15,-344.3161E-9
-26.0E+0,76.7990E-12,-100.0000E-15,-344.6214E-9
-28.0E+0,78.7000E-12,-49.9980E-15,-344.7225E-9
-30.0E+0,80.5010E-12,50.0000E-15,-344.8820E-9
-32.0E+0,82.2490E-12,400.0000E-15,-345.0664E-9
-34.0E+0,83.6490E-12,200.0000E-15,-345.1625E-9
-36.0E+0,85.3010E-12,50.0000E-15,-345.4379E-9
-38.0E+0,87.0980E-12,50.0000E-15,-345.6097E-9
-40.0E+0,88.9990E-12,-49.9980E-15,-345.6672E-9
-42.0E+0,90.7510E-12,-100.0000E-15,-345.8620E-9
-44.0E+0,92.4490E-12,200.0000E-15,-345.9877E-9
-46.0E+0,94.3000E-12,400.0000E-15,-346.3381E-9
-48.0E+0,96.0020E-12,499.9900E-15,-346.7040E-9
-50.0E+0,97.5500E-12,350.0000E-15,-346.8481E-9
-52.0E+0,99.6000E-12,50.0000E-15,-347.2512E-9
-54.0E+0,101.3500E-12,400.0000E-15,-347.4236E-9
-56.0E+0,103.5000E-12,300.0000E-15,-347.5696E-9
-58.0E+0,105.2000E-12,-49.9980E-15,-348.0955E-9
-60.0E+0,107.6500E-12,-49.9980E-15,-348.1677E-9
-62.0E+0,109.6500E-12,0.0000E+0,-348.4078E-9
-64.0E+0,111.5500E-12,-150.0000E-15,-348.7871E-9
-66.0E+0,113.7000E-12,-100.0000E-15,-349.0615E-9
-68.0E+0,116.1500E-12,0.0000E+0,-349.0501E-9
-70.0E+0,118.0500E-12,100.0000E-15,-349.2275E-9
-72.0E+0,120.6000E-12,-100.0000E-15,-349.5591E-9
-74.0E+0,123.3000E-12,0.0000E+0,-349.7730E-9
-76.0E+0,125.7000E-12,300.0000E-15,-349.8744E-9
-78.0E+0,128.2000E-12,50.0000E-15,-350.0385E-9
-80.0E+0,131.4500E-12,-150.0000E-15,-350.2539E-9
-82.0E+0,133.9500E-12,-49.9980E-15,-350.5430E-9
-84.0E+0,136.8000E-12,249.9900E-15,-350.7215E-9
-86.0E+0,139.9500E-12,450.0000E-15,-350.6973E-9
-88.0E+0,142.8500E-12,300.0000E-15,-350.9206E-9
-90.0E+0,146.2000E-12,-49.9980E-15,-351.2748E-9
-92.0E+0,149.5000E-12,-100.0000E-15,-351.4696E-9
-94.0E+0,152.9500E-12,150.0000E-15,-351.6071E-9
-96.0E+0,156.0500E-12,300.0000E-15,-351.6355E-9
-98.0E+0,159.8500E-12,300.0000E-15,-351.7422E-9
-100.0E+0,163.9500E-12,-100.0000E-15,-352.0311E-9
-102.0E+0,167.8000E-12,-49.9980E-15,-352.0882E-9
-104.0E+0,172.0500E-12,300.0000E-15,-352.4029E-9
-106.0E+0,176.4500E-12,350.0000E-15,-352.5594E-9
-108.0E+0,180.6500E-12,350.0000E-15,-352.6365E-9
-110.0E+0,185.7000E-12,200.0000E-15,-352.6972E-9
-112.0E+0,190.9000E-12,50.0000E-15,-352.8538E-9
-114.0E+0,195.7000E-12,0.0000E+0,-353.1281E-9
-116.0E+0,201.4000E-12,350.0000E-15,-353.1986E-9
-118.0E+0,206.9500E-12,400.0000E-15,-353.4066E-9
-120.0E+0,212.9000E-12,249.9900E-15,-353.6746E-9
-122.0E+0,219.3000E-12,-150.0000E-15,-354.0462E-9
-124.0E+0,226.2500E-12,150.0000E-15,-354.1713E-9
-126.0E+0,233.4000E-12,450.0000E-15,-354.6551E-9
-128.0E+0,240.6000E-12,50.0000E-15,-354.8900E-9
-130.0E+0,248.8000E-12,249.9900E-15,-355.4878E-9
-132.0E+0,256.9500E-12,0.0000E+0,-355.8189E-9
-134.0E+0,266.2000E-12,249.9900E-15,-356.3411E-9
-136.0E+0,275.9000E-12,450.0000E-15,-356.8122E-9
-138.0E+0,285.6500E-12,450.0000E-15,-357.2692E-9
-140.0E+0,296.7500E-12,100.0000E-15,-357.6241E-9
-142.0E+0,308.4500E-12,-100.0000E-15,-358.1937E-9
-144.0E+0,321.7000E-12,-49.9980E-15,-358.5171E-9
-146.0E+0,334.9500E-12,-100.0000E-15,-359.0593E-9
-148.0E+0,350.1000E-12,100.0000E-15,-359.4979E-9
-150.0E+0,366.0000E-12,300.0000E-15,-360.0185E-9
-152.0E+0,383.4500E-12,300.0000E-15,-360.3221E-9
-154.0E+0,402.7900E-12,150.0000E-15,-360.6811E-9
-156.0E+0,423.8900E-12,-49.9980E-15,-361.2705E-9
-158.0E+0,447.2400E-12,-49.9980E-15,-361.5746E-9
-160.0E+0,473.5100E-12,0.0000E+0,-362.0479E-9
-162.0E+0,502.2400E-12,350.0000E-15,-362.4413E-9
-164.0E+0,535.2400E-12,350.0000E-15,-362.6631E-9
-166.0E+0,573.1500E-12,350.0000E-15,-363.2502E-9
-168.0E+0,615.3600E-12,249.9900E-15,-363.6641E-9
-170.0E+0,663.7900E-12,50.0000E-15,-364.0880E-9
-172.0E+0,721.2000E-12,0.0000E+0,-364.7443E-9
-174.0E+0,789.6100E-12,200.0000E-15,-365.1892E-9
-176.0E+0,871.6100E-12,300.0000E-15,-365.5918E-9
-178.0E+0,971.0000E-12,350.0000E-15,-366.0791E-9
-180.0E+0,1.0940E-9,100.0000E-15,-366.6804E-9
-182.0E+0,1.2515E-9,0.0000E+0,-367.0573E-9
-184.0E+0,1.4619E-9,249.9900E-15,-367.8317E-9
-186.0E+0,1.7434E-9,100.0000E-15,-368.4374E-9
-188.0E+0,2.1509E-9,0.0000E+0,-369.1056E-9
-190.0E+0,2.7600E-9,400.0000E-15,-370.1589E-9
-192.0E+0,3.7455E-9,300.0000E-15,-371.3119E-9
-194.0E+0,5.4808E-9,300.0000E-15,-373.3358E-9
-196.0E+0,8.9658E-9,100.0000E-15,-377.2704E-9
-198.0E+0,16.8200E-9,249.9900E-15,-385.3028E-9
-200.0E+0,38.7750E-9,350.0000E-15,-407.8810E-9
-202.0E+0,127.1000E-9,-49.9980E-15,-495.7767E-9
-204.0E+0,972.4800E-9,0.0000E+0,-1.3642E-6
