Temperature: 120.0 Ramp Up
Humidity: 1.0
Date: 25/9/2023 4:07 PM
Sweep Voltage,pad,gr,back,,conc
0.0E+0,-40.4600E-9,24.9950E-9,9.5007E-9
-2.0E+0,9.2768E-9,1.6410E-6,-1.6519E-6
-4.0E+0,10.3900E-9,1.6620E-6,-1.6739E-6
-6.0E+0,11.5250E-9,1.6755E-6,-1.6884E-6
-8.0E+0,12.3050E-9,1.6870E-6,-1.7007E-6
-10.0E+0,12.9050E-9,1.6980E-6,-1.7123E-6
-12.0E+0,13.6100E-9,1.7085E-6,-1.7231E-6
-14.0E+0,14.6200E-9,1.7180E-6,-1.7342E-6
-16.0E+0,16.0850E-9,1.7280E-6,-1.7459E-6
-18.0E+0,18.2750E-9,1.7390E-6,-1.7587E-6
-20.0E+0,21.7550E-9,1.7500E-6,-1.7733E-6
-22.0E+0,28.6100E-9,1.7615E-6,-1.7925E-6
-24.0E+0,36.6850E-9,1.7760E-6,-1.8150E-6
-26.0E+0,37.1890E-9,1.7900E-6,-1.8300E-6
-28.0E+0,37.5750E-9,1.8040E-6,-1.8437E-6
-30.0E+0,37.9840E-9,1.8160E-6,-1.8559E-6
-32.0E+0,38.3440E-9,1.8265E-6,-1.8668E-6
-34.0E+0,38.7040E-9,1.8370E-6,-1.8776E-6
-36.0E+0,39.0390E-9,1.8465E-6,-1.8871E-6
-38.0E+0,39.3850E-9,1.8545E-6,-1.8951E-6
-40.0E+0,39.7160E-9,1.8610E-6,-1.9023E-6
-42.0E+0,40.0900E-9,1.8665E-6,-1.9085E-6
-44.0E+0,40.4250E-9,1.8725E-6,-1.9144E-6
-46.0E+0,40.7940E-9,1.8780E-6,-1.9201E-6
-48.0E+0,41.1460E-9,1.8835E-6,-1.9257E-6
-50.0E+0,41.5000E-9,1.8885E-6,-1.9315E-6
-52.0E+0,41.8700E-9,1.8930E-6,-1.9370E-6
-54.0E+0,42.2440E-9,1.8985E-6,-1.9429E-6
-56.0E+0,42.6210E-9,1.9035E-6,-1.9483E-6
-58.0E+0,42.9900E-9,1.9079E-6,-1.9536E-6
-60.0E+0,43.3760E-9,1.9129E-6,-1.9585E-6
-62.0E+0,43.7590E-9,1.9170E-6,-1.9629E-6
-64.0E+0,44.1400E-9,1.9220E-6,-1.9676E-6
-66.0E+0,44.5310E-9,1.9249E-6,-1.9720E-6
-68.0E+0,44.9310E-9,1.9290E-6,-1.9767E-6
-70.0E+0,45.3290E-9,1.9334E-6,-1.9818E-6
-72.0E+0,45.7460E-9,1.9384E-6,-1.9883E-6
-74.0E+0,46.1440E-9,1.9465E-6,-1.9967E-6
-76.0E+0,46.5550E-9,1.9569E-6,-2.0073E-6
-78.0E+0,47.0100E-9,1.9715E-6,-2.0266E-6
-80.0E+0,47.4100E-9,1.9855E-6,-2.0393E-6
-82.0E+0,47.8560E-9,2.0120E-6,-2.0707E-6
-84.0E+0,48.3100E-9,2.0434E-6,-2.1088E-6
-86.0E+0,48.7710E-9,2.0874E-6,-2.1493E-6
-88.0E+0,49.2260E-9,2.1405E-6,-2.2115E-6
-90.0E+0,49.7090E-9,2.1774E-6,-2.2476E-6
-92.0E+0,50.1950E-9,2.2545E-6,-2.3387E-6
-94.0E+0,50.6810E-9,2.3445E-6,-2.4076E-6
-96.0E+0,51.1700E-9,2.4025E-6,-2.5092E-6
-98.0E+0,51.6960E-9,2.5395E-6,-2.6449E-6
-100.0E+0,52.2100E-9,2.6425E-6,-2.7065E-6
-102.0E+0,52.7400E-9,2.7660E-6,-2.8503E-6
-104.0E+0,53.2740E-9,2.9064E-6,-3.0189E-6
-106.0E+0,53.8290E-9,3.0600E-6,-3.1980E-6
-108.0E+0,54.3950E-9,3.2145E-6,-3.3571E-6
-110.0E+0,54.9750E-9,3.3530E-6,-3.3936E-6
-112.0E+0,55.5650E-9,3.4779E-6,-3.5378E-6
-114.0E+0,56.1560E-9,3.5615E-6,-3.6868E-6
-116.0E+0,56.7850E-9,3.6040E-6,-3.6572E-6
-118.0E+0,57.4250E-9,3.6835E-6,-3.7029E-6
-120.0E+0,58.0460E-9,3.7670E-6,-3.8434E-6
-122.0E+0,58.7040E-9,3.9090E-6,-4.0218E-6
-124.0E+0,59.3750E-9,3.9714E-6,-4.0646E-6
-126.0E+0,60.0560E-9,4.0031E-6,-4.0994E-6
-128.0E+0,60.7690E-9,4.1653E-6,-4.1809E-6
-130.0E+0,61.4630E-9,4.3169E-6,-4.4077E-6
-132.0E+0,62.2240E-9,4.3144E-6,-4.3274E-6
-134.0E+0,63.0240E-9,4.3630E-6,-4.4666E-6
-136.0E+0,63.7840E-9,4.2920E-6,-4.4141E-6
-138.0E+0,64.5090E-9,4.4110E-6,-4.5585E-6
-140.0E+0,65.3160E-9,4.4894E-6,-4.5251E-6
-142.0E+0,66.1570E-9,4.5595E-6,-4.5826E-6
-144.0E+0,67.0110E-9,4.5905E-6,-4.6655E-6
-146.0E+0,67.9100E-9,4.6250E-6,-4.6941E-6
-148.0E+0,68.7790E-9,4.7300E-6,-4.8846E-6
-150.0E+0,69.7180E-9,4.8254E-6,-4.7993E-6
-152.0E+0,70.6710E-9,4.6489E-6,-4.7377E-6
-154.0E+0,71.6240E-9,4.6140E-6,-4.6839E-6
-156.0E+0,72.6390E-9,4.6815E-6,-4.7577E-6
-158.0E+0,73.6690E-9,4.6680E-6,-4.7570E-6
-160.0E+0,74.8000E-9,4.6834E-6,-4.7625E-6
-162.0E+0,75.8740E-9,4.7360E-6,-4.7246E-6
-164.0E+0,76.9800E-9,4.6529E-6,-4.7570E-6
-166.0E+0,78.1180E-9,4.6899E-6,-4.8287E-6
-168.0E+0,79.3800E-9,4.8445E-6,-4.8024E-6
-170.0E+0,80.5960E-9,4.7949E-6,-4.9324E-6
-172.0E+0,81.8940E-9,4.8555E-6,-4.9815E-6
-174.0E+0,83.1900E-9,4.8371E-6,-5.0460E-6
-176.0E+0,84.5870E-9,4.9526E-6,-4.9716E-6
-178.0E+0,85.9760E-9,4.9626E-6,-5.0299E-6
-180.0E+0,87.3700E-9,5.0035E-6,-5.0926E-6
-182.0E+0,88.9050E-9,5.0659E-6,-5.2546E-6
-184.0E+0,90.5090E-9,4.9884E-6,-5.0950E-6
-186.0E+0,92.1060E-9,5.0820E-6,-5.2210E-6
-188.0E+0,93.8200E-9,5.0280E-6,-5.1973E-6
-190.0E+0,95.5180E-9,5.1579E-6,-5.2700E-6
-192.0E+0,97.3050E-9,5.3109E-6,-5.3828E-6
-194.0E+0,99.1750E-9,5.2105E-6,-5.3642E-6
-196.0E+0,101.1500E-9,5.2340E-6,-5.3890E-6
-198.0E+0,103.2000E-9,5.2575E-6,-5.1373E-6
-200.0E+0,105.3500E-9,4.9744E-6,-5.1194E-6
-202.0E+0,107.5500E-9,4.9635E-6,-5.1917E-6
-204.0E+0,109.9000E-9,5.2170E-6,-5.3307E-6
-206.0E+0,112.3500E-9,5.1174E-6,-5.2675E-6
-208.0E+0,114.9000E-9,5.2524E-6,-5.4609E-6
-210.0E+0,117.5000E-9,5.3530E-6,-5.5905E-6
-212.0E+0,120.3000E-9,5.5055E-6,-5.7288E-6
-214.0E+0,123.2500E-9,5.4389E-6,-5.5752E-6
-216.0E+0,126.3000E-9,5.5339E-6,-5.5748E-6
-218.0E+0,129.5500E-9,5.5113E-6,-5.6127E-6
-220.0E+0,133.0000E-9,5.6664E-6,-5.7233E-6
-222.0E+0,136.4500E-9,5.4834E-6,-5.5795E-6
-224.0E+0,140.2400E-9,5.5365E-6,-5.6715E-6
-226.0E+0,144.2500E-9,5.4860E-6,-5.6480E-6
-228.0E+0,148.5000E-9,5.4280E-6,-5.5820E-6
-230.0E+0,153.0000E-9,5.3684E-6,-5.4056E-6
-232.0E+0,157.8400E-9,5.2364E-6,-5.3679E-6
-234.0E+0,162.9500E-9,5.3418E-6,-5.6442E-6
-236.0E+0,168.3900E-9,5.5239E-6,-5.6779E-6
-238.0E+0,174.3000E-9,5.4746E-6,-5.4610E-6
-240.0E+0,180.5000E-9,5.3025E-6,-5.5690E-6
-242.0E+0,187.2500E-9,5.4005E-6,-5.4172E-6
-244.0E+0,194.6500E-9,5.3255E-6,-5.1769E-6
-246.0E+0,202.5500E-9,5.0154E-6,-5.4036E-6
-248.0E+0,211.0500E-9,5.2455E-6,-5.4552E-6
-250.0E+0,220.4500E-9,5.1649E-6,-5.4449E-6
-252.0E+0,230.5500E-9,5.2808E-6,-5.5182E-6
-254.0E+0,241.8500E-9,5.2305E-6,-5.4748E-6
-256.0E+0,254.2500E-9,5.3889E-6,-5.5760E-6
-258.0E+0,268.0900E-9,5.3500E-6,-5.6711E-6
-260.0E+0,283.5000E-9,5.4105E-6,-5.6169E-6
-262.0E+0,301.2400E-9,5.3789E-6,-5.7143E-6
-264.0E+0,320.9000E-9,5.5051E-6,-5.8218E-6
-266.0E+0,343.3400E-9,5.4094E-6,-5.7893E-6
-268.0E+0,369.2400E-9,5.4520E-6,-5.8173E-6
-270.0E+0,399.4500E-9,5.4815E-6,-5.9846E-6
-272.0E+0,435.2500E-9,5.5940E-6,-5.9767E-6
-274.0E+0,478.9300E-9,5.6054E-6,-6.0887E-6
-276.0E+0,531.2300E-9,5.6424E-6,-6.1595E-6
-278.0E+0,597.1500E-9,5.3735E-6,-5.9371E-6
-280.0E+0,683.0400E-9,5.5949E-6,-6.2547E-6
-282.0E+0,795.7800E-9,5.5204E-6,-6.0758E-6
-284.0E+0,953.3000E-9,5.2690E-6,-6.2266E-6
-286.0E+0,1.1890E-6,5.2725E-6,-6.4988E-6
-288.0E+0,1.5600E-6,5.6045E-6,-7.1066E-6
-290.0E+0,2.2090E-6,5.6194E-6,-7.8941E-6
-292.0E+0,3.5354E-6,5.6645E-6,-9.3298E-6
