Temperature: 20.0 Ramp Down
Humidity: 12.0
Date: 25/9/2023 7:19 PM
Sweep Voltage,pad,gr,back,,conc
0.0E+0,5.6805E-9,-3.5964E-9,138.8030E-12
-2.0E+0,4.7999E-12,7.0618E-9,-7.0189E-9
-4.0E+0,6.7000E-12,7.0818E-9,-7.0394E-9
-6.0E+0,10.3500E-12,7.0954E-9,-7.0549E-9
-8.0E+0,13.3000E-12,7.1072E-9,-7.0719E-9
-10.0E+0,15.5500E-12,7.1168E-9,-7.0795E-9
-12.0E+0,18.3000E-12,7.1248E-9,-7.0981E-9
-14.0E+0,22.9000E-12,7.1318E-9,-7.1112E-9
-16.0E+0,30.6490E-12,7.1384E-9,-7.1267E-9
-18.0E+0,43.9510E-12,7.1438E-9,-7.1448E-9
-20.0E+0,69.0010E-12,7.1513E-9,-7.1733E-9
-22.0E+0,120.0000E-12,7.1584E-9,-7.1378E-9
-24.0E+0,164.4500E-12,7.1659E-9,-7.3837E-9
-26.0E+0,167.2500E-12,7.1734E-9,-7.3205E-9
-28.0E+0,169.3000E-12,7.1798E-9,-7.3904E-9
-30.0E+0,172.6500E-12,7.1873E-9,-7.3409E-9
-32.0E+0,176.1500E-12,7.1978E-9,-7.2924E-9
-34.0E+0,178.9500E-12,7.2077E-9,-7.4282E-9
-36.0E+0,181.4500E-12,7.2164E-9,-7.2381E-9
-38.0E+0,185.0000E-12,7.2248E-9,-7.4512E-9
-40.0E+0,188.4000E-12,7.2339E-9,-7.4151E-9
-42.0E+0,192.3000E-12,7.2403E-9,-7.4025E-9
-44.0E+0,196.4000E-12,7.2473E-9,-7.4660E-9
-46.0E+0,200.7500E-12,7.2548E-9,-7.2587E-9
-48.0E+0,204.2500E-12,7.2643E-9,-7.4567E-9
-50.0E+0,207.7500E-12,7.2732E-9,-7.3793E-9
-52.0E+0,212.0000E-12,7.2823E-9,-7.3455E-9
-54.0E+0,215.9500E-12,7.2919E-9,-7.4506E-9
-56.0E+0,219.9500E-12,7.3019E-9,-7.5073E-9
-58.0E+0,224.5000E-12,7.3098E-9,-7.3692E-9
-60.0E+0,229.7000E-12,7.3194E-9,-7.4215E-9
-62.0E+0,234.3900E-12,7.3289E-9,-7.5510E-9
-64.0E+0,239.2000E-12,7.3374E-9,-7.5707E-9
-66.0E+0,243.9400E-12,7.3444E-9,-7.6035E-9
-68.0E+0,249.3400E-12,7.3515E-9,-7.4756E-9
-70.0E+0,254.4500E-12,7.3578E-9,-7.6345E-9
-72.0E+0,260.4600E-12,7.3644E-9,-7.5550E-9
-74.0E+0,266.5500E-12,7.3703E-9,-7.6458E-9
-76.0E+0,272.1900E-12,7.3753E-9,-7.6212E-9
-78.0E+0,278.8000E-12,7.3812E-9,-7.4799E-9
-80.0E+0,285.4500E-12,7.3874E-9,-7.5082E-9
-82.0E+0,291.3500E-12,7.3923E-9,-7.7316E-9
-84.0E+0,298.4600E-12,7.3969E-9,-7.5849E-9
-86.0E+0,306.4000E-12,7.4012E-9,-7.7159E-9
-88.0E+0,313.6500E-12,7.4062E-9,-7.7056E-9
-90.0E+0,321.7000E-12,7.4099E-9,-7.7581E-9
-92.0E+0,329.9100E-12,7.4149E-9,-7.7791E-9
-94.0E+0,339.0000E-12,7.4194E-9,-7.7508E-9
-96.0E+0,347.9500E-12,7.4229E-9,-7.7958E-9
-98.0E+0,358.0400E-12,7.4269E-9,-7.8267E-9
-100.0E+0,368.3400E-12,7.4304E-9,-7.7858E-9
-102.0E+0,378.8500E-12,7.4349E-9,-7.8238E-9
-104.0E+0,390.2400E-12,7.4378E-9,-7.7802E-9
-106.0E+0,401.8500E-12,7.4408E-9,-7.8798E-9
-108.0E+0,413.8500E-12,7.4444E-9,-7.9149E-9
-110.0E+0,427.9000E-12,7.4483E-9,-7.8226E-9
-112.0E+0,441.2500E-12,7.4510E-9,-7.7482E-9
-114.0E+0,456.6900E-12,7.4546E-9,-7.7642E-9
-116.0E+0,472.9400E-12,7.4574E-9,-7.9928E-9
-118.0E+0,489.6500E-12,7.4610E-9,-7.8380E-9
-120.0E+0,507.2400E-12,7.4633E-9,-7.8403E-9
-122.0E+0,525.6900E-12,7.4651E-9,-7.9264E-9
-124.0E+0,546.5500E-12,7.4678E-9,-8.0754E-9
-126.0E+0,568.6000E-12,7.4720E-9,-8.0734E-9
-128.0E+0,593.1600E-12,7.4733E-9,-8.1323E-9
-130.0E+0,619.0000E-12,7.4751E-9,-7.9969E-9
-132.0E+0,646.9100E-12,7.4774E-9,-7.9921E-9
-134.0E+0,678.1400E-12,7.4797E-9,-8.1466E-9
-136.0E+0,710.0600E-12,7.4810E-9,-8.1259E-9
-138.0E+0,746.4100E-12,7.4829E-9,-8.1462E-9
-140.0E+0,787.2000E-12,7.4847E-9,-8.1943E-9
-142.0E+0,831.4500E-12,7.4869E-9,-8.3490E-9
-144.0E+0,881.7000E-12,7.4879E-9,-8.4196E-9
-146.0E+0,938.3700E-12,7.4883E-9,-8.4269E-9
-148.0E+0,1.0010E-9,7.4901E-9,-8.5147E-9
-150.0E+0,1.0715E-9,7.4915E-9,-8.4035E-9
-152.0E+0,1.1545E-9,7.4924E-9,-8.5276E-9
-154.0E+0,1.2480E-9,7.4942E-9,-8.7703E-9
-156.0E+0,1.3600E-9,7.4951E-9,-8.8263E-9
-158.0E+0,1.4980E-9,7.4979E-9,-8.9015E-9
-160.0E+0,1.6574E-9,7.4997E-9,-9.1020E-9
-162.0E+0,1.8550E-9,7.5001E-9,-9.2959E-9
-164.0E+0,2.1124E-9,7.5019E-9,-9.5188E-9
-166.0E+0,2.4399E-9,7.5038E-9,-9.8243E-9
-168.0E+0,2.8799E-9,7.5061E-9,-10.4509E-9
-170.0E+0,3.5200E-9,7.5069E-9,-11.0603E-9
-172.0E+0,4.4863E-9,7.5092E-9,-12.0351E-9
-174.0E+0,6.0518E-9,7.5120E-9,-13.4587E-9
-176.0E+0,8.9694E-9,7.5133E-9,-16.3329E-9
-178.0E+0,15.0650E-9,7.5156E-9,-22.5998E-9
-180.0E+0,31.5790E-9,7.5174E-9,-38.9076E-9
-182.0E+0,96.3480E-9,7.5188E-9,-104.6035E-9
-184.0E+0,1.9059E-6,7.5251E-9,-1.8813E-6
