Temperature: 60.0 Ramp Up
Humidity: 4.0
Date: 25/9/2023 3:00 PM
Sweep Voltage,pad,gr,back,,conc
0.0E+0,2.8025E-9,-2.3720E-9,1.0869E-9
-2.0E+0,173.7000E-12,129.0000E-9,-129.1634E-9
-4.0E+0,196.5000E-12,129.4500E-9,-129.6458E-9
-6.0E+0,216.1500E-12,129.8500E-9,-130.0394E-9
-8.0E+0,239.3000E-12,130.1400E-9,-130.4054E-9
-10.0E+0,265.9600E-12,130.4900E-9,-130.7470E-9
-12.0E+0,301.2500E-12,130.8000E-9,-131.0763E-9
-14.0E+0,350.3500E-12,131.0500E-9,-131.4105E-9
-16.0E+0,426.2000E-12,131.3000E-9,-131.7562E-9
-18.0E+0,548.0600E-12,131.6000E-9,-132.1282E-9
-20.0E+0,754.8500E-12,131.8000E-9,-132.5849E-9
-22.0E+0,1.1404E-9,132.0400E-9,-133.0790E-9
-24.0E+0,1.5315E-9,132.3500E-9,-133.8409E-9
-26.0E+0,1.5519E-9,132.5500E-9,-134.1163E-9
-28.0E+0,1.5719E-9,132.7500E-9,-134.2438E-9
-30.0E+0,1.5925E-9,133.0000E-9,-134.5995E-9
-32.0E+0,1.6140E-9,133.1500E-9,-134.7277E-9
-34.0E+0,1.6345E-9,133.3500E-9,-135.0968E-9
-36.0E+0,1.6560E-9,133.5500E-9,-135.0768E-9
-38.0E+0,1.6769E-9,133.7500E-9,-135.3474E-9
-40.0E+0,1.6994E-9,133.9500E-9,-135.6965E-9
-42.0E+0,1.7214E-9,134.2000E-9,-135.9412E-9
-44.0E+0,1.7445E-9,134.6000E-9,-136.3391E-9
-46.0E+0,1.7679E-9,134.9500E-9,-136.7829E-9
-48.0E+0,1.7924E-9,135.2500E-9,-137.1224E-9
-50.0E+0,1.8169E-9,135.5500E-9,-137.2722E-9
-52.0E+0,1.8420E-9,135.8000E-9,-137.6967E-9
-54.0E+0,1.8680E-9,136.0500E-9,-137.8598E-9
-56.0E+0,1.8930E-9,136.3000E-9,-138.1807E-9
-58.0E+0,1.9195E-9,136.5000E-9,-138.4087E-9
-60.0E+0,1.9470E-9,136.7400E-9,-138.6150E-9
-62.0E+0,1.9735E-9,136.9500E-9,-138.9910E-9
-64.0E+0,2.0025E-9,137.1400E-9,-139.2438E-9
-66.0E+0,2.0315E-9,137.3000E-9,-139.2999E-9
-68.0E+0,2.0615E-9,137.5000E-9,-139.6204E-9
-70.0E+0,2.0915E-9,137.7000E-9,-139.7692E-9
-72.0E+0,2.1230E-9,137.8900E-9,-140.0396E-9
-74.0E+0,2.1560E-9,138.0500E-9,-140.2675E-9
-76.0E+0,2.1889E-9,138.2000E-9,-140.4997E-9
-78.0E+0,2.2214E-9,138.4000E-9,-140.7080E-9
-80.0E+0,2.2565E-9,138.5500E-9,-140.7851E-9
-82.0E+0,2.2919E-9,138.6900E-9,-140.9281E-9
-84.0E+0,2.3284E-9,138.8500E-9,-141.0822E-9
-86.0E+0,2.3649E-9,139.0000E-9,-141.2512E-9
-88.0E+0,2.4024E-9,139.1500E-9,-141.4694E-9
-90.0E+0,2.4429E-9,139.3000E-9,-141.6594E-9
-92.0E+0,2.4844E-9,139.4500E-9,-141.9512E-9
-94.0E+0,2.5259E-9,139.6000E-9,-142.2005E-9
-96.0E+0,2.5690E-9,139.7500E-9,-142.2053E-9
-98.0E+0,2.6134E-9,139.8900E-9,-142.5338E-9
-100.0E+0,2.6595E-9,140.0500E-9,-142.7688E-9
-102.0E+0,2.7049E-9,140.2000E-9,-143.0370E-9
-104.0E+0,2.7544E-9,140.3500E-9,-143.1157E-9
-106.0E+0,2.8049E-9,140.4500E-9,-143.4044E-9
-108.0E+0,2.8564E-9,140.6000E-9,-143.5518E-9
-110.0E+0,2.9109E-9,140.7500E-9,-143.6281E-9
-112.0E+0,2.9660E-9,140.9000E-9,-143.8687E-9
-114.0E+0,3.0234E-9,141.0400E-9,-144.0483E-9
-116.0E+0,3.0819E-9,141.2000E-9,-144.4129E-9
-118.0E+0,3.1449E-9,141.3500E-9,-144.5132E-9
-120.0E+0,3.2085E-9,141.5000E-9,-144.6588E-9
-122.0E+0,3.2759E-9,141.6500E-9,-144.9325E-9
-124.0E+0,3.3444E-9,141.7900E-9,-145.0666E-9
-126.0E+0,3.4170E-9,141.9500E-9,-145.3336E-9
-128.0E+0,3.4924E-9,142.1500E-9,-145.6046E-9
-130.0E+0,3.5690E-9,142.3000E-9,-145.9732E-9
-132.0E+0,3.6494E-9,142.5900E-9,-146.1147E-9
-134.0E+0,3.7355E-9,142.8000E-9,-146.4889E-9
-136.0E+0,3.8240E-9,143.1000E-9,-146.9465E-9
-138.0E+0,3.9133E-9,143.3500E-9,-147.4161E-9
-140.0E+0,4.0100E-9,143.6000E-9,-147.8806E-9
-142.0E+0,4.1100E-9,144.0000E-9,-148.0642E-9
-144.0E+0,4.2160E-9,144.4500E-9,-148.3117E-9
-146.0E+0,4.3278E-9,144.8500E-9,-149.2639E-9
-148.0E+0,4.4445E-9,145.4000E-9,-149.8095E-9
-150.0E+0,4.5675E-9,145.6500E-9,-150.2018E-9
-152.0E+0,4.6969E-9,146.2000E-9,-150.6480E-9
-154.0E+0,4.8333E-9,146.3500E-9,-151.3770E-9
-156.0E+0,4.9774E-9,147.0000E-9,-152.0083E-9
-158.0E+0,5.1314E-9,147.5500E-9,-153.0290E-9
-160.0E+0,5.2924E-9,148.2500E-9,-153.4596E-9
-162.0E+0,5.4633E-9,148.7500E-9,-154.6699E-9
-164.0E+0,5.6479E-9,150.2000E-9,-155.4838E-9
-166.0E+0,5.8449E-9,149.9900E-9,-155.9131E-9
-168.0E+0,6.0518E-9,150.1000E-9,-156.7210E-9
-170.0E+0,6.2773E-9,151.4000E-9,-157.9077E-9
-172.0E+0,6.5158E-9,152.2500E-9,-160.0080E-9
-174.0E+0,6.7735E-9,153.5400E-9,-160.6950E-9
-176.0E+0,7.0538E-9,156.0500E-9,-164.2017E-9
-178.0E+0,7.3533E-9,156.6400E-9,-165.2246E-9
-180.0E+0,7.6802E-9,157.0000E-9,-165.0034E-9
-182.0E+0,8.0381E-9,157.6500E-9,-167.7859E-9
-184.0E+0,8.4347E-9,159.8500E-9,-168.7532E-9
-186.0E+0,8.8607E-9,161.6000E-9,-170.0069E-9
-188.0E+0,9.3410E-9,161.7400E-9,-172.4726E-9
-190.0E+0,9.8689E-9,164.6500E-9,-176.5154E-9
-192.0E+0,10.4450E-9,168.5500E-9,-177.8006E-9
-194.0E+0,11.1050E-9,170.8500E-9,-178.3100E-9
-196.0E+0,11.8600E-9,169.8900E-9,-179.7388E-9
-198.0E+0,12.7150E-9,172.2900E-9,-186.3943E-9
-200.0E+0,13.7100E-9,176.3500E-9,-190.7359E-9
-202.0E+0,14.8850E-9,179.2900E-9,-192.7767E-9
-204.0E+0,16.2400E-9,182.2500E-9,-198.2486E-9
-206.0E+0,17.8800E-9,185.3000E-9,-206.9961E-9
-208.0E+0,19.9150E-9,189.8400E-9,-209.7292E-9
-210.0E+0,22.4400E-9,185.8000E-9,-209.7454E-9
-212.0E+0,25.6800E-9,192.0000E-9,-219.3352E-9
-214.0E+0,30.0350E-9,192.5000E-9,-221.8342E-9
-216.0E+0,36.0850E-9,194.5400E-9,-230.8491E-9
-218.0E+0,45.0000E-9,200.7000E-9,-245.1680E-9
-220.0E+0,59.3500E-9,207.9000E-9,-263.8284E-9
-222.0E+0,84.3900E-9,210.0000E-9,-290.2996E-9
-224.0E+0,135.1000E-9,212.9500E-9,-349.7551E-9
-226.0E+0,261.1900E-9,221.0900E-9,-487.4623E-9
-228.0E+0,690.5500E-9,230.6500E-9,-924.6928E-9
