Temperature: 120.0 Down
Humidity: 1.0
Date: 01/11/2023 2:34 PM
Sweep Voltage,pad,gr,V,,conc
0.0E+0,-42.0040E-9,59.1440E-9,-18.5154E-9
-2.0E+0,8.3846E-9,3.6519E-6,-3.6629E-6
-4.0E+0,9.2618E-9,3.6685E-6,-3.6802E-6
-6.0E+0,9.6202E-9,3.6759E-6,-3.6884E-6
-8.0E+0,9.9449E-9,3.6824E-6,-3.6948E-6
-10.0E+0,10.3400E-9,3.6879E-6,-3.7004E-6
-12.0E+0,10.9150E-9,3.6929E-6,-3.7058E-6
-14.0E+0,11.7700E-9,3.6975E-6,-3.7114E-6
-16.0E+0,13.0300E-9,3.7020E-6,-3.7171E-6
-18.0E+0,14.9000E-9,3.7060E-6,-3.7234E-6
-20.0E+0,17.8200E-9,3.7105E-6,-3.7310E-6
-22.0E+0,24.4000E-9,3.7149E-6,-3.7424E-6
-24.0E+0,29.9810E-9,3.7199E-6,-3.7526E-6
-26.0E+0,30.7990E-9,3.7245E-6,-3.7581E-6
-28.0E+0,31.4560E-9,3.7290E-6,-3.7634E-6
-30.0E+0,32.0450E-9,3.7339E-6,-3.7690E-6
-32.0E+0,32.5850E-9,3.7389E-6,-3.7745E-6
-34.0E+0,33.0950E-9,3.7445E-6,-3.7802E-6
-36.0E+0,33.5690E-9,3.7489E-6,-3.7856E-6
-38.0E+0,34.0100E-9,3.7550E-6,-3.7916E-6
-40.0E+0,34.4210E-9,3.7609E-6,-3.7975E-6
-42.0E+0,34.7840E-9,3.7665E-6,-3.8038E-6
-44.0E+0,35.1300E-9,3.7724E-6,-3.8104E-6
-46.0E+0,35.4700E-9,3.7790E-6,-3.8168E-6
-48.0E+0,35.8050E-9,3.7855E-6,-3.8239E-6
-50.0E+0,36.1340E-9,3.7920E-6,-3.8306E-6
-52.0E+0,36.4600E-9,3.7985E-6,-3.8377E-6
-54.0E+0,36.8000E-9,3.8049E-6,-3.8448E-6
-56.0E+0,37.1250E-9,3.8119E-6,-3.8516E-6
-58.0E+0,37.4490E-9,3.8189E-6,-3.8588E-6
-60.0E+0,37.7950E-9,3.8249E-6,-3.8656E-6
-62.0E+0,38.1300E-9,3.8319E-6,-3.8726E-6
-64.0E+0,38.4700E-9,3.8380E-6,-3.8795E-6
-66.0E+0,38.8050E-9,3.8445E-6,-3.8861E-6
-68.0E+0,39.1550E-9,3.8510E-6,-3.8926E-6
-70.0E+0,39.5050E-9,3.8564E-6,-3.8989E-6
-72.0E+0,39.8650E-9,3.8620E-6,-3.9047E-6
-74.0E+0,40.2050E-9,3.8676E-6,-3.9103E-6
-76.0E+0,40.5650E-9,3.8724E-6,-3.9160E-6
-78.0E+0,40.9340E-9,3.8769E-6,-3.9213E-6
-80.0E+0,41.2950E-9,3.8825E-6,-3.9266E-6
-82.0E+0,41.6600E-9,3.8876E-6,-3.9319E-6
-84.0E+0,42.0440E-9,3.8920E-6,-3.9368E-6
-86.0E+0,42.4300E-9,3.8969E-6,-3.9420E-6
-88.0E+0,42.8210E-9,3.9016E-6,-3.9469E-6
-90.0E+0,43.2160E-9,3.9060E-6,-3.9519E-6
-92.0E+0,43.6160E-9,3.9104E-6,-3.9570E-6
-94.0E+0,44.0200E-9,3.9150E-6,-3.9619E-6
-96.0E+0,44.4340E-9,3.9199E-6,-3.9671E-6
-98.0E+0,44.8540E-9,3.9244E-6,-3.9721E-6
-100.0E+0,45.2750E-9,3.9295E-6,-3.9771E-6
-102.0E+0,45.7060E-9,3.9339E-6,-3.9825E-6
-104.0E+0,46.1440E-9,3.9390E-6,-3.9878E-6
-106.0E+0,46.5900E-9,3.9439E-6,-3.9930E-6
-108.0E+0,47.0350E-9,3.9490E-6,-3.9987E-6
-110.0E+0,47.4990E-9,3.9539E-6,-4.0042E-6
-112.0E+0,47.9650E-9,3.9591E-6,-4.0103E-6
-114.0E+0,48.4340E-9,3.9649E-6,-4.0164E-6
-116.0E+0,48.9250E-9,3.9719E-6,-4.0235E-6
-118.0E+0,49.4200E-9,3.9788E-6,-4.0312E-6
-120.0E+0,49.9150E-9,3.9870E-6,-4.0403E-6
-122.0E+0,50.4240E-9,3.9975E-6,-4.0505E-6
-124.0E+0,50.9410E-9,4.0084E-6,-4.0622E-6
-126.0E+0,51.4750E-9,4.0205E-6,-4.0747E-6
-128.0E+0,52.0360E-9,4.0324E-6,-4.0876E-6
-130.0E+0,52.5850E-9,4.0450E-6,-4.1007E-6
-132.0E+0,53.1450E-9,4.0580E-6,-4.1139E-6
-134.0E+0,53.7260E-9,4.0704E-6,-4.1273E-6
-136.0E+0,54.3090E-9,4.0834E-6,-4.1402E-6
-138.0E+0,54.9100E-9,4.0946E-6,-4.1528E-6
-140.0E+0,55.5190E-9,4.1064E-6,-4.1652E-6
-142.0E+0,56.1450E-9,4.1174E-6,-4.1771E-6
-144.0E+0,56.7850E-9,4.1286E-6,-4.1890E-6
-146.0E+0,57.4600E-9,4.1400E-6,-4.2006E-6
-148.0E+0,58.1300E-9,4.1504E-6,-4.2114E-6
-150.0E+0,58.7950E-9,4.1600E-6,-4.2222E-6
-152.0E+0,59.5100E-9,4.1700E-6,-4.2329E-6
-154.0E+0,60.2300E-9,4.1796E-6,-4.2429E-6
-156.0E+0,60.9610E-9,4.1889E-6,-4.2530E-6
-158.0E+0,61.7110E-9,4.1975E-6,-4.2625E-6
-160.0E+0,62.5000E-9,4.2059E-6,-4.2720E-6
-162.0E+0,63.2790E-9,4.2149E-6,-4.2814E-6
-164.0E+0,64.0940E-9,4.2240E-6,-4.2914E-6
-166.0E+0,64.9300E-9,4.2336E-6,-4.3016E-6
-168.0E+0,65.7750E-9,4.2429E-6,-4.3118E-6
-170.0E+0,66.6660E-9,4.2520E-6,-4.3217E-6
-172.0E+0,67.5720E-9,4.2606E-6,-4.3313E-6
-174.0E+0,68.4880E-9,4.2685E-6,-4.3401E-6
-176.0E+0,69.4340E-9,4.2764E-6,-4.3493E-6
-178.0E+0,70.4090E-9,4.2846E-6,-4.3579E-6
-180.0E+0,71.4140E-9,4.2920E-6,-4.3667E-6
-182.0E+0,72.4500E-9,4.2990E-6,-4.3752E-6
-184.0E+0,73.5160E-9,4.3069E-6,-4.3832E-6
-186.0E+0,74.6110E-9,4.3134E-6,-4.3915E-6
-188.0E+0,75.7610E-9,4.3204E-6,-4.3993E-6
-190.0E+0,76.9250E-9,4.3269E-6,-4.4075E-6
-192.0E+0,78.1150E-9,4.3334E-6,-4.4152E-6
-194.0E+0,79.3520E-9,4.3404E-6,-4.4227E-6
-196.0E+0,80.6360E-9,4.3470E-6,-4.4306E-6
-198.0E+0,81.9600E-9,4.3525E-6,-4.4381E-6
-200.0E+0,83.3310E-9,4.3584E-6,-4.4455E-6
-202.0E+0,84.7360E-9,4.3649E-6,-4.4530E-6
-204.0E+0,86.2060E-9,4.3709E-6,-4.4606E-6
-206.0E+0,87.7110E-9,4.3765E-6,-4.4677E-6
-208.0E+0,89.2800E-9,4.3823E-6,-4.4752E-6
-210.0E+0,90.9060E-9,4.3884E-6,-4.4823E-6
-212.0E+0,92.5860E-9,4.3940E-6,-4.4896E-6
-214.0E+0,94.3290E-9,4.3989E-6,-4.4972E-6
-216.0E+0,96.1510E-9,4.4045E-6,-4.5043E-6
-218.0E+0,98.0360E-9,4.4101E-6,-4.5117E-6
-220.0E+0,100.0100E-9,4.4159E-6,-4.5190E-6
-222.0E+0,102.0500E-9,4.4210E-6,-4.5266E-6
-224.0E+0,104.2100E-9,4.4263E-6,-4.5341E-6
-226.0E+0,106.4500E-9,4.4319E-6,-4.5414E-6
-228.0E+0,108.8000E-9,4.4375E-6,-4.5491E-6
-230.0E+0,111.2000E-9,4.4419E-6,-4.5567E-6
-232.0E+0,113.7500E-9,4.4480E-6,-4.5644E-6
-234.0E+0,116.4000E-9,4.4524E-6,-4.5724E-6
-236.0E+0,119.2000E-9,4.4580E-6,-4.5804E-6
-238.0E+0,122.1500E-9,4.4629E-6,-4.5888E-6
-240.0E+0,125.2500E-9,4.4685E-6,-4.5971E-6
-242.0E+0,128.4500E-9,4.4739E-6,-4.6057E-6
-244.0E+0,131.9000E-9,4.4790E-6,-4.6142E-6
-246.0E+0,135.5000E-9,4.4850E-6,-4.6235E-6
-248.0E+0,139.3000E-9,4.4899E-6,-4.6326E-6
-250.0E+0,143.3900E-9,4.4955E-6,-4.6421E-6
-252.0E+0,147.6500E-9,4.5009E-6,-4.6521E-6
-254.0E+0,152.2000E-9,4.5064E-6,-4.6622E-6
-256.0E+0,157.0400E-9,4.5120E-6,-4.6725E-6
-258.0E+0,162.2500E-9,4.5179E-6,-4.6836E-6
-260.0E+0,167.7500E-9,4.5239E-6,-4.6951E-6
-262.0E+0,173.7000E-9,4.5295E-6,-4.7069E-6
-264.0E+0,180.0400E-9,4.5360E-6,-4.7194E-6
-266.0E+0,186.9000E-9,4.5421E-6,-4.7323E-6
-268.0E+0,194.3500E-9,4.5484E-6,-4.7459E-6
-270.0E+0,202.3500E-9,4.5544E-6,-4.7604E-6
-272.0E+0,211.1000E-9,4.5609E-6,-4.7758E-6
-274.0E+0,220.6900E-9,4.5679E-6,-4.7920E-6
-276.0E+0,231.1000E-9,4.5749E-6,-4.8095E-6
-278.0E+0,242.5900E-9,4.5819E-6,-4.8281E-6
-280.0E+0,255.4400E-9,4.5896E-6,-4.8485E-6
-282.0E+0,269.6500E-9,4.5970E-6,-4.8703E-6
-284.0E+0,285.4500E-9,4.6059E-6,-4.8947E-6
-286.0E+0,303.3900E-9,4.6159E-6,-4.9224E-6
-288.0E+0,323.6900E-9,4.6310E-6,-4.9588E-6
-290.0E+0,346.7900E-9,4.6704E-6,-5.0190E-6
-292.0E+0,373.8400E-9,4.8394E-6,-5.2213E-6
-294.0E+0,405.1000E-9,5.4140E-6,-5.7293E-6
-296.0E+0,442.0900E-9,6.8490E-6,-7.2110E-6
