Temperature: 100.0 Up
Humidity: 1.0
Date: 01/11/2023 12:16 PM
Sweep Voltage,pad,gr,V,,conc
0.0E+0,-22.4750E-9,30.6810E-9,-8.8236E-9
-2.0E+0,1.5475E-9,2.3225E-6,-2.3260E-6
-4.0E+0,1.9919E-9,2.3284E-6,-2.3325E-6
-6.0E+0,2.1174E-9,2.3320E-6,-2.3362E-6
-8.0E+0,2.2464E-9,2.3345E-6,-2.3392E-6
-10.0E+0,2.4014E-9,2.3375E-6,-2.3418E-6
-12.0E+0,2.6159E-9,2.3395E-6,-2.3444E-6
-14.0E+0,2.9314E-9,2.3419E-6,-2.3470E-6
-16.0E+0,3.3994E-9,2.3440E-6,-2.3496E-6
-18.0E+0,4.0950E-9,2.3454E-6,-2.3524E-6
-20.0E+0,5.1855E-9,2.3490E-6,-2.3557E-6
-22.0E+0,7.3533E-9,2.3504E-6,-2.3602E-6
-24.0E+0,9.0026E-9,2.3530E-6,-2.3643E-6
-26.0E+0,9.2668E-9,2.3554E-6,-2.3667E-6
-28.0E+0,9.4815E-9,2.3575E-6,-2.3692E-6
-30.0E+0,9.6784E-9,2.3600E-6,-2.3719E-6
-32.0E+0,9.8585E-9,2.3630E-6,-2.3747E-6
-34.0E+0,10.0310E-9,2.3654E-6,-2.3777E-6
-36.0E+0,10.1850E-9,2.3680E-6,-2.3805E-6
-38.0E+0,10.3300E-9,2.3715E-6,-2.3834E-6
-40.0E+0,10.4700E-9,2.3739E-6,-2.3868E-6
-42.0E+0,10.6100E-9,2.3774E-6,-2.3898E-6
-44.0E+0,10.7200E-9,2.3800E-6,-2.3934E-6
-46.0E+0,10.8400E-9,2.3840E-6,-2.3970E-6
-48.0E+0,10.9500E-9,2.3880E-6,-2.4011E-6
-50.0E+0,11.0800E-9,2.3920E-6,-2.4052E-6
-52.0E+0,11.1900E-9,2.3959E-6,-2.4092E-6
-54.0E+0,11.3050E-9,2.4000E-6,-2.4136E-6
-56.0E+0,11.4250E-9,2.4040E-6,-2.4176E-6
-58.0E+0,11.5500E-9,2.4079E-6,-2.4213E-6
-60.0E+0,11.6600E-9,2.4114E-6,-2.4252E-6
-62.0E+0,11.7850E-9,2.4155E-6,-2.4291E-6
-64.0E+0,11.9000E-9,2.4185E-6,-2.4328E-6
-66.0E+0,12.0300E-9,2.4225E-6,-2.4365E-6
-68.0E+0,12.1450E-9,2.4255E-6,-2.4404E-6
-70.0E+0,12.2800E-9,2.4290E-6,-2.4436E-6
-72.0E+0,12.4050E-9,2.4325E-6,-2.4470E-6
-74.0E+0,12.5350E-9,2.4355E-6,-2.4502E-6
-76.0E+0,12.6700E-9,2.4390E-6,-2.4534E-6
-78.0E+0,12.7950E-9,2.4415E-6,-2.4566E-6
-80.0E+0,12.9350E-9,2.4440E-6,-2.4597E-6
-82.0E+0,13.0700E-9,2.4480E-6,-2.4627E-6
-84.0E+0,13.2000E-9,2.4504E-6,-2.4658E-6
-86.0E+0,13.3450E-9,2.4535E-6,-2.4688E-6
-88.0E+0,13.4950E-9,2.4560E-6,-2.4717E-6
-90.0E+0,13.6350E-9,2.4589E-6,-2.4746E-6
-92.0E+0,13.7800E-9,2.4620E-6,-2.4778E-6
-94.0E+0,13.9350E-9,2.4639E-6,-2.4805E-6
-96.0E+0,14.0900E-9,2.4670E-6,-2.4833E-6
-98.0E+0,14.2400E-9,2.4695E-6,-2.4860E-6
-100.0E+0,14.4000E-9,2.4720E-6,-2.4889E-6
-102.0E+0,14.5600E-9,2.4750E-6,-2.4915E-6
-104.0E+0,14.7350E-9,2.4774E-6,-2.4944E-6
-106.0E+0,14.8900E-9,2.4805E-6,-2.4972E-6
-108.0E+0,15.0600E-9,2.4830E-6,-2.5001E-6
-110.0E+0,15.2400E-9,2.4855E-6,-2.5033E-6
-112.0E+0,15.4150E-9,2.4885E-6,-2.5063E-6
-114.0E+0,15.6000E-9,2.4920E-6,-2.5099E-6
-116.0E+0,15.7900E-9,2.4955E-6,-2.5137E-6
-118.0E+0,15.9650E-9,2.5000E-6,-2.5180E-6
-120.0E+0,16.1550E-9,2.5050E-6,-2.5233E-6
-122.0E+0,16.3500E-9,2.5105E-6,-2.5294E-6
-124.0E+0,16.5600E-9,2.5175E-6,-2.5364E-6
-126.0E+0,16.7550E-9,2.5245E-6,-2.5437E-6
-128.0E+0,16.9650E-9,2.5325E-6,-2.5517E-6
-130.0E+0,17.1800E-9,2.5404E-6,-2.5595E-6
-132.0E+0,17.4000E-9,2.5475E-6,-2.5673E-6
-134.0E+0,17.6200E-9,2.5554E-6,-2.5754E-6
-136.0E+0,17.8500E-9,2.5630E-6,-2.5828E-6
-138.0E+0,18.0850E-9,2.5700E-6,-2.5905E-6
-140.0E+0,18.3350E-9,2.5770E-6,-2.5977E-6
-142.0E+0,18.5750E-9,2.5835E-6,-2.6048E-6
-144.0E+0,18.8250E-9,2.5909E-6,-2.6116E-6
-146.0E+0,19.0950E-9,2.5970E-6,-2.6187E-6
-148.0E+0,19.3600E-9,2.6035E-6,-2.6252E-6
-150.0E+0,19.6300E-9,2.6094E-6,-2.6315E-6
-152.0E+0,19.9100E-9,2.6155E-6,-2.6380E-6
-154.0E+0,20.2100E-9,2.6220E-6,-2.6441E-6
-156.0E+0,20.5000E-9,2.6270E-6,-2.6500E-6
-158.0E+0,20.8100E-9,2.6325E-6,-2.6558E-6
-160.0E+0,21.1150E-9,2.6380E-6,-2.6613E-6
-162.0E+0,21.4450E-9,2.6430E-6,-2.6673E-6
-164.0E+0,21.7750E-9,2.6495E-6,-2.6736E-6
-166.0E+0,22.1150E-9,2.6554E-6,-2.6800E-6
-168.0E+0,22.4650E-9,2.6615E-6,-2.6863E-6
-170.0E+0,22.8400E-9,2.6674E-6,-2.6924E-6
-172.0E+0,23.2150E-9,2.6730E-6,-2.6983E-6
-174.0E+0,23.6100E-9,2.6780E-6,-2.7041E-6
-176.0E+0,24.0100E-9,2.6835E-6,-2.7097E-6
-178.0E+0,24.4350E-9,2.6880E-6,-2.7151E-6
-180.0E+0,24.8550E-9,2.6929E-6,-2.7202E-6
-182.0E+0,25.3100E-9,2.6979E-6,-2.7254E-6
-184.0E+0,25.7600E-9,2.7025E-6,-2.7304E-6
-186.0E+0,26.2450E-9,2.7070E-6,-2.7354E-6
-188.0E+0,26.7400E-9,2.7114E-6,-2.7402E-6
-190.0E+0,27.2500E-9,2.7160E-6,-2.7451E-6
-192.0E+0,27.7850E-9,2.7199E-6,-2.7495E-6
-194.0E+0,28.3350E-9,2.7234E-6,-2.7543E-6
-196.0E+0,28.9350E-9,2.7280E-6,-2.7591E-6
-198.0E+0,29.5250E-9,2.7315E-6,-2.7636E-6
-200.0E+0,30.1440E-9,2.7355E-6,-2.7680E-6
-202.0E+0,30.8160E-9,2.7390E-6,-2.7725E-6
-204.0E+0,31.4900E-9,2.7425E-6,-2.7770E-6
-206.0E+0,32.2000E-9,2.7469E-6,-2.7813E-6
-208.0E+0,32.9650E-9,2.7510E-6,-2.7856E-6
-210.0E+0,33.7260E-9,2.7539E-6,-2.7901E-6
-212.0E+0,34.5500E-9,2.7574E-6,-2.7943E-6
-214.0E+0,35.4160E-9,2.7610E-6,-2.7988E-6
-216.0E+0,36.3200E-9,2.7645E-6,-2.8031E-6
-218.0E+0,37.2690E-9,2.7680E-6,-2.8075E-6
-220.0E+0,38.2750E-9,2.7715E-6,-2.8118E-6
-222.0E+0,39.3300E-9,2.7745E-6,-2.8162E-6
-224.0E+0,40.4450E-9,2.7780E-6,-2.8206E-6
-226.0E+0,41.6200E-9,2.7809E-6,-2.8251E-6
-228.0E+0,42.8850E-9,2.7844E-6,-2.8297E-6
-230.0E+0,44.2000E-9,2.7879E-6,-2.8341E-6
-232.0E+0,45.6260E-9,2.7909E-6,-2.8387E-6
-234.0E+0,47.1150E-9,2.7944E-6,-2.8436E-6
-236.0E+0,48.7250E-9,2.7970E-6,-2.8485E-6
-238.0E+0,50.4440E-9,2.8009E-6,-2.8534E-6
-240.0E+0,52.3050E-9,2.8040E-6,-2.8584E-6
-242.0E+0,54.2950E-9,2.8070E-6,-2.8638E-6
-244.0E+0,56.4450E-9,2.8099E-6,-2.8690E-6
-246.0E+0,58.7700E-9,2.8140E-6,-2.8748E-6
-248.0E+0,61.2960E-9,2.8170E-6,-2.8805E-6
-250.0E+0,64.0860E-9,2.8205E-6,-2.8868E-6
-252.0E+0,67.0950E-9,2.8240E-6,-2.8931E-6
-254.0E+0,70.3980E-9,2.8269E-6,-2.8998E-6
-256.0E+0,74.0760E-9,2.8299E-6,-2.9069E-6
-258.0E+0,78.1400E-9,2.8340E-6,-2.9146E-6
-260.0E+0,82.6800E-9,2.8375E-6,-2.9226E-6
-262.0E+0,87.8210E-9,2.8410E-6,-2.9314E-6
-264.0E+0,93.5790E-9,2.8450E-6,-2.9409E-6
-266.0E+0,100.2000E-9,2.8484E-6,-2.9510E-6
-268.0E+0,107.8500E-9,2.8530E-6,-2.9626E-6
-270.0E+0,116.7500E-9,2.8565E-6,-2.9755E-6
-272.0E+0,127.1500E-9,2.8604E-6,-2.9899E-6
-274.0E+0,139.7500E-9,2.8645E-6,-3.0065E-6
-276.0E+0,154.8500E-9,2.8685E-6,-3.0257E-6
-278.0E+0,173.6500E-9,2.8724E-6,-3.0489E-6
-280.0E+0,197.5000E-9,2.8770E-6,-3.0777E-6
-282.0E+0,228.6000E-9,2.8824E-6,-3.1139E-6
-284.0E+0,270.3000E-9,2.8905E-6,-3.1632E-6
-286.0E+0,329.7500E-9,2.9095E-6,-3.2406E-6
-288.0E+0,417.1900E-9,3.0029E-6,-3.4187E-6
-290.0E+0,555.6800E-9,3.6790E-6,-4.1551E-6
-292.0E+0,796.9500E-9,6.0529E-6,-6.8244E-6
