Temperature: 21.0 Room
Humidity: 40.0
Date: 25/10/2023 10:15 AM
Sweep Voltage,pad,gr,V,,conc
0.0E+0,64.3340E-9,-49.9980E-15,-191.0213E-12
-2.0E+0,83.4500E-12,200.0000E-15,-361.2626E-9
-4.0E+0,84.1500E-12,100.0000E-15,-361.1001E-9
-6.0E+0,75.3000E-12,150.0000E-15,-360.9843E-9
-8.0E+0,69.7510E-12,50.0000E-15,-360.8873E-9
-10.0E+0,65.8000E-12,150.0000E-15,-360.8331E-9
-12.0E+0,62.7520E-12,100.0000E-15,-360.7599E-9
-14.0E+0,60.9500E-12,50.0000E-15,-360.7365E-9
-16.0E+0,60.2500E-12,0.0000E+0,-360.6406E-9
-18.0E+0,60.9500E-12,0.0000E+0,-360.6265E-9
-20.0E+0,65.9490E-12,100.0000E-15,-360.6377E-9
-22.0E+0,69.5510E-12,100.0000E-15,-359.9281E-9
-24.0E+0,81.0520E-12,100.0000E-15,-360.5759E-9
-26.0E+0,82.8490E-12,50.0000E-15,-360.7746E-9
-28.0E+0,84.7000E-12,50.0000E-15,-360.7498E-9
-30.0E+0,86.6010E-12,150.0000E-15,-360.7733E-9
-32.0E+0,88.3990E-12,-49.9980E-15,-360.9778E-9
-34.0E+0,90.4980E-12,100.0000E-15,-360.9628E-9
-36.0E+0,92.6020E-12,50.0000E-15,-361.0574E-9
-38.0E+0,94.4490E-12,100.0000E-15,-361.2655E-9
-40.0E+0,95.9480E-12,200.0000E-15,-361.2564E-9
-42.0E+0,98.0520E-12,0.0000E+0,-361.2766E-9
-44.0E+0,100.1000E-12,200.0000E-15,-361.4268E-9
-46.0E+0,101.9500E-12,100.0000E-15,-361.5684E-9
-48.0E+0,103.6500E-12,150.0000E-15,-361.9827E-9
-50.0E+0,105.7000E-12,50.0000E-15,-362.1328E-9
-52.0E+0,108.1000E-12,0.0000E+0,-362.3136E-9
-54.0E+0,109.9500E-12,150.0000E-15,-362.4737E-9
-56.0E+0,111.5500E-12,100.0000E-15,-362.6867E-9
-58.0E+0,113.8000E-12,50.0000E-15,-363.0194E-9
-60.0E+0,115.8000E-12,-49.9980E-15,-363.1090E-9
-62.0E+0,118.2500E-12,100.0000E-15,-363.3368E-9
-64.0E+0,120.7000E-12,100.0000E-15,-363.6110E-9
-66.0E+0,123.0000E-12,100.0000E-15,-363.6161E-9
-68.0E+0,125.5500E-12,50.0000E-15,-363.7794E-9
-70.0E+0,127.9500E-12,100.0000E-15,-364.0622E-9
-72.0E+0,130.4500E-12,0.0000E+0,-364.2441E-9
-74.0E+0,132.9000E-12,150.0000E-15,-364.3997E-9
-76.0E+0,135.7500E-12,100.0000E-15,-364.3678E-9
-78.0E+0,138.4000E-12,150.0000E-15,-364.5205E-9
-80.0E+0,141.7000E-12,0.0000E+0,-364.6895E-9
-82.0E+0,144.5500E-12,150.0000E-15,-364.9556E-9
-84.0E+0,147.3500E-12,0.0000E+0,-365.0203E-9
-86.0E+0,150.8500E-12,-49.9980E-15,-365.1734E-9
-88.0E+0,153.7500E-12,100.0000E-15,-365.2068E-9
-90.0E+0,157.0000E-12,249.9900E-15,-365.3686E-9
-92.0E+0,160.7000E-12,0.0000E+0,-365.5225E-9
-94.0E+0,164.5000E-12,150.0000E-15,-365.6610E-9
-96.0E+0,168.3500E-12,50.0000E-15,-365.6371E-9
-98.0E+0,171.8500E-12,150.0000E-15,-365.9626E-9
-100.0E+0,176.1500E-12,0.0000E+0,-366.0076E-9
-102.0E+0,180.5500E-12,100.0000E-15,-366.1988E-9
-104.0E+0,184.7000E-12,0.0000E+0,-366.2456E-9
-106.0E+0,189.0000E-12,50.0000E-15,-366.4734E-9
-108.0E+0,193.7500E-12,50.0000E-15,-366.5348E-9
-110.0E+0,198.9000E-12,50.0000E-15,-366.4844E-9
-112.0E+0,204.2500E-12,100.0000E-15,-366.6692E-9
-114.0E+0,210.0000E-12,150.0000E-15,-366.9107E-9
-116.0E+0,215.7500E-12,50.0000E-15,-367.1296E-9
-118.0E+0,221.9000E-12,50.0000E-15,-367.2878E-9
-120.0E+0,228.0000E-12,100.0000E-15,-367.3804E-9
-122.0E+0,234.1900E-12,150.0000E-15,-367.5071E-9
-124.0E+0,241.4600E-12,0.0000E+0,-367.8669E-9
-126.0E+0,249.1000E-12,50.0000E-15,-368.2789E-9
-128.0E+0,256.5500E-12,50.0000E-15,-368.4693E-9
-130.0E+0,264.8000E-12,200.0000E-15,-369.0470E-9
-132.0E+0,273.6400E-12,50.0000E-15,-369.3084E-9
-134.0E+0,282.9500E-12,50.0000E-15,-369.8796E-9
-136.0E+0,293.0600E-12,249.9900E-15,-370.2694E-9
-138.0E+0,303.5400E-12,150.0000E-15,-370.6540E-9
-140.0E+0,314.8500E-12,150.0000E-15,-371.0233E-9
-142.0E+0,326.8500E-12,100.0000E-15,-371.5849E-9
-144.0E+0,340.1500E-12,150.0000E-15,-371.9197E-9
-146.0E+0,353.6500E-12,150.0000E-15,-372.5258E-9
-148.0E+0,369.3500E-12,0.0000E+0,-372.7785E-9
-150.0E+0,385.3000E-12,150.0000E-15,-373.2346E-9
-152.0E+0,403.6000E-12,0.0000E+0,-373.8108E-9
-154.0E+0,422.7000E-12,150.0000E-15,-374.1085E-9
-156.0E+0,444.1000E-12,200.0000E-15,-374.5781E-9
-158.0E+0,467.4500E-12,100.0000E-15,-374.8455E-9
-160.0E+0,494.0000E-12,100.0000E-15,-375.1628E-9
-162.0E+0,522.4500E-12,50.0000E-15,-375.6986E-9
-164.0E+0,555.1900E-12,0.0000E+0,-376.1707E-9
-166.0E+0,592.3400E-12,0.0000E+0,-376.5311E-9
-168.0E+0,634.3500E-12,100.0000E-15,-376.9430E-9
-170.0E+0,681.5000E-12,100.0000E-15,-377.5178E-9
-172.0E+0,736.7400E-12,150.0000E-15,-377.9899E-9
-174.0E+0,801.6600E-12,-49.9980E-15,-378.3793E-9
-176.0E+0,878.1400E-12,0.0000E+0,-378.8470E-9
-178.0E+0,971.4600E-12,100.0000E-15,-379.3951E-9
-180.0E+0,1.0850E-9,150.0000E-15,-379.7381E-9
-182.0E+0,1.2275E-9,150.0000E-15,-380.2350E-9
-184.0E+0,1.4095E-9,150.0000E-15,-380.8759E-9
-186.0E+0,1.6515E-9,-100.0000E-15,-381.3848E-9
-188.0E+0,1.9885E-9,100.0000E-15,-382.1499E-9
-190.0E+0,2.4689E-9,200.0000E-15,-382.8792E-9
-192.0E+0,3.2094E-9,100.0000E-15,-384.0493E-9
-194.0E+0,4.4224E-9,100.0000E-15,-385.5091E-9
-196.0E+0,6.6684E-9,200.0000E-15,-387.9850E-9
-198.0E+0,11.1750E-9,249.9900E-15,-392.9117E-9
-200.0E+0,21.8950E-9,100.0000E-15,-403.8182E-9
-202.0E+0,54.8950E-9,100.0000E-15,-437.7955E-9
-204.0E+0,200.3000E-9,100.0000E-15,-584.3236E-9
-206.0E+0,3.8194E-6,150.0000E-15,-4.2628E-6