Temperature: 120.0 Down
Humidity: 3.0
Date: 25/10/2023 2:38 PM
Sweep Voltage,pad,gr,V,,conc
0.0E+0,170.1500E-9,300.0000E-15,-10.0211E-9
-2.0E+0,11.0450E-9,300.0000E-15,-3.6630E-6
-4.0E+0,9.8798E-9,300.0000E-15,-3.6807E-6
-6.0E+0,10.2750E-9,300.0000E-15,-3.6893E-6
-8.0E+0,10.6600E-9,300.0000E-15,-3.6957E-6
-10.0E+0,11.0900E-9,150.0000E-15,-3.7013E-6
-12.0E+0,11.6500E-9,100.0000E-15,-3.7061E-6
-14.0E+0,12.4800E-9,200.0000E-15,-3.7110E-6
-16.0E+0,13.7250E-9,200.0000E-15,-3.7159E-6
-18.0E+0,15.5800E-9,300.0000E-15,-3.7214E-6
-20.0E+0,18.4650E-9,249.9900E-15,-3.7279E-6
-22.0E+0,25.0200E-9,249.9900E-15,-3.7382E-6
-24.0E+0,30.3640E-9,150.0000E-15,-3.7475E-6
-26.0E+0,31.0590E-9,150.0000E-15,-3.7522E-6
-28.0E+0,31.5700E-9,249.9900E-15,-3.7563E-6
-30.0E+0,32.0250E-9,350.0000E-15,-3.7608E-6
-32.0E+0,32.4510E-9,249.9900E-15,-3.7656E-6
-34.0E+0,32.8660E-9,400.0000E-15,-3.7706E-6
-36.0E+0,33.2750E-9,300.0000E-15,-3.7758E-6
-38.0E+0,33.7000E-9,300.0000E-15,-3.7811E-6
-40.0E+0,34.1100E-9,200.0000E-15,-3.7867E-6
-42.0E+0,34.4900E-9,300.0000E-15,-3.7927E-6
-44.0E+0,34.8390E-9,249.9900E-15,-3.7993E-6
-46.0E+0,35.1760E-9,200.0000E-15,-3.8061E-6
-48.0E+0,35.5050E-9,100.0000E-15,-3.8142E-6
-50.0E+0,35.8300E-9,150.0000E-15,-3.8223E-6
-52.0E+0,36.1600E-9,300.0000E-15,-3.8307E-6
-54.0E+0,36.4910E-9,350.0000E-15,-3.8387E-6
-56.0E+0,36.8200E-9,350.0000E-15,-3.8465E-6
-58.0E+0,37.1490E-9,249.9900E-15,-3.8537E-6
-60.0E+0,37.4800E-9,200.0000E-15,-3.8608E-6
-62.0E+0,37.8150E-9,300.0000E-15,-3.8677E-6
-64.0E+0,38.1500E-9,300.0000E-15,-3.8743E-6
-66.0E+0,38.4950E-9,300.0000E-15,-3.8806E-6
-68.0E+0,38.8350E-9,350.0000E-15,-3.8867E-6
-70.0E+0,39.1900E-9,249.9900E-15,-3.8928E-6
-72.0E+0,39.5450E-9,200.0000E-15,-3.8988E-6
-74.0E+0,39.9000E-9,200.0000E-15,-3.9046E-6
-76.0E+0,40.2650E-9,100.0000E-15,-3.9103E-6
-78.0E+0,40.6250E-9,200.0000E-15,-3.9161E-6
-80.0E+0,41.0000E-9,200.0000E-15,-3.9218E-6
-82.0E+0,41.3800E-9,350.0000E-15,-3.9268E-6
-84.0E+0,41.7550E-9,300.0000E-15,-3.9323E-6
-86.0E+0,42.1440E-9,300.0000E-15,-3.9373E-6
-88.0E+0,42.5300E-9,300.0000E-15,-3.9423E-6
-90.0E+0,42.9240E-9,249.9900E-15,-3.9472E-6
-92.0E+0,43.3250E-9,200.0000E-15,-3.9524E-6
-94.0E+0,43.7360E-9,150.0000E-15,-3.9572E-6
-96.0E+0,44.1450E-9,200.0000E-15,-3.9622E-6
-98.0E+0,44.5710E-9,249.9900E-15,-3.9672E-6
-100.0E+0,44.9950E-9,249.9900E-15,-3.9720E-6
-102.0E+0,45.4260E-9,300.0000E-15,-3.9770E-6
-104.0E+0,45.8600E-9,350.0000E-15,-3.9821E-6
-106.0E+0,46.3100E-9,400.0000E-15,-3.9874E-6
-108.0E+0,46.7610E-9,350.0000E-15,-3.9930E-6
-110.0E+0,47.2250E-9,300.0000E-15,-3.9988E-6
-112.0E+0,47.6900E-9,200.0000E-15,-4.0051E-6
-114.0E+0,48.1700E-9,249.9900E-15,-4.0122E-6
-116.0E+0,48.6510E-9,150.0000E-15,-4.0202E-6
-118.0E+0,49.1510E-9,150.0000E-15,-4.0297E-6
-120.0E+0,49.6460E-9,150.0000E-15,-4.0402E-6
-122.0E+0,50.1550E-9,200.0000E-15,-4.0521E-6
-124.0E+0,50.6750E-9,300.0000E-15,-4.0648E-6
-126.0E+0,51.2100E-9,350.0000E-15,-4.0780E-6
-128.0E+0,51.7500E-9,350.0000E-15,-4.0913E-6
-130.0E+0,52.3050E-9,350.0000E-15,-4.1047E-6
-132.0E+0,52.8650E-9,350.0000E-15,-4.1176E-6
-134.0E+0,53.4460E-9,300.0000E-15,-4.1305E-6
-136.0E+0,54.0350E-9,249.9900E-15,-4.1432E-6
-138.0E+0,54.6300E-9,200.0000E-15,-4.1558E-6
-140.0E+0,55.2500E-9,200.0000E-15,-4.1680E-6
-142.0E+0,55.8790E-9,300.0000E-15,-4.1798E-6
-144.0E+0,56.5110E-9,300.0000E-15,-4.1911E-6
-146.0E+0,57.1800E-9,150.0000E-15,-4.2026E-6
-148.0E+0,57.8490E-9,100.0000E-15,-4.2134E-6
-150.0E+0,58.5290E-9,150.0000E-15,-4.2238E-6
-152.0E+0,59.2350E-9,200.0000E-15,-4.2340E-6
-154.0E+0,59.9540E-9,249.9900E-15,-4.2439E-6
-156.0E+0,60.6850E-9,300.0000E-15,-4.2537E-6
-158.0E+0,61.4420E-9,350.0000E-15,-4.2633E-6
-160.0E+0,62.2170E-9,350.0000E-15,-4.2736E-6
-162.0E+0,62.9950E-9,350.0000E-15,-4.2841E-6
-164.0E+0,63.8280E-9,249.9900E-15,-4.2946E-6
-166.0E+0,64.6610E-9,300.0000E-15,-4.3044E-6
-168.0E+0,65.5050E-9,200.0000E-15,-4.3138E-6
-170.0E+0,66.3860E-9,200.0000E-15,-4.3229E-6
-172.0E+0,67.2810E-9,200.0000E-15,-4.3318E-6
-174.0E+0,68.2040E-9,200.0000E-15,-4.3403E-6
-176.0E+0,69.1540E-9,300.0000E-15,-4.3490E-6
-178.0E+0,70.1360E-9,200.0000E-15,-4.3574E-6
-180.0E+0,71.1410E-9,249.9900E-15,-4.3654E-6
-182.0E+0,72.1700E-9,300.0000E-15,-4.3733E-6
-184.0E+0,73.2250E-9,300.0000E-15,-4.3810E-6
-186.0E+0,74.3090E-9,300.0000E-15,-4.3884E-6
-188.0E+0,75.4440E-9,300.0000E-15,-4.3960E-6
-190.0E+0,76.6090E-9,249.9900E-15,-4.4035E-6
-192.0E+0,77.8020E-9,200.0000E-15,-4.4106E-6
-194.0E+0,79.0460E-9,150.0000E-15,-4.4179E-6
-196.0E+0,80.3260E-9,100.0000E-15,-4.4252E-6
-198.0E+0,81.6430E-9,200.0000E-15,-4.4320E-6
-200.0E+0,82.9930E-9,249.9900E-15,-4.4389E-6
-202.0E+0,84.4190E-9,249.9900E-15,-4.4460E-6
-204.0E+0,85.8810E-9,249.9900E-15,-4.4530E-6
-206.0E+0,87.3910E-9,300.0000E-15,-4.4598E-6
-208.0E+0,88.9670E-9,300.0000E-15,-4.4666E-6
-210.0E+0,90.5750E-9,350.0000E-15,-4.4732E-6
-212.0E+0,92.2480E-9,300.0000E-15,-4.4801E-6
-214.0E+0,94.0090E-9,200.0000E-15,-4.4869E-6
-216.0E+0,95.8100E-9,200.0000E-15,-4.4937E-6
-218.0E+0,97.6800E-9,150.0000E-15,-4.5007E-6
-220.0E+0,99.6590E-9,150.0000E-15,-4.5078E-6
-222.0E+0,101.7000E-9,200.0000E-15,-4.5146E-6
-224.0E+0,103.8100E-9,249.9900E-15,-4.5218E-6
-226.0E+0,106.1000E-9,200.0000E-15,-4.5288E-6
-228.0E+0,108.4000E-9,249.9900E-15,-4.5359E-6
-230.0E+0,110.8000E-9,249.9900E-15,-4.5434E-6
-232.0E+0,113.3500E-9,249.9900E-15,-4.5510E-6
-234.0E+0,116.0500E-9,300.0000E-15,-4.5586E-6
-236.0E+0,118.8000E-9,350.0000E-15,-4.5662E-6
-238.0E+0,121.7500E-9,350.0000E-15,-4.5740E-6
-240.0E+0,124.8500E-9,200.0000E-15,-4.5821E-6
-242.0E+0,128.0500E-9,200.0000E-15,-4.5903E-6
-244.0E+0,131.5000E-9,200.0000E-15,-4.5989E-6
-246.0E+0,135.1000E-9,150.0000E-15,-4.6074E-6
-248.0E+0,138.9000E-9,150.0000E-15,-4.6162E-6
-250.0E+0,142.9500E-9,150.0000E-15,-4.6253E-6
-252.0E+0,147.2000E-9,300.0000E-15,-4.6348E-6
-254.0E+0,151.7000E-9,249.9900E-15,-4.6445E-6
-256.0E+0,156.6000E-9,350.0000E-15,-4.6548E-6
-258.0E+0,161.7400E-9,350.0000E-15,-4.6653E-6
-260.0E+0,167.2500E-9,300.0000E-15,-4.6761E-6
-262.0E+0,173.2000E-9,249.9900E-15,-4.6876E-6
-264.0E+0,179.5500E-9,300.0000E-15,-4.6997E-6
-266.0E+0,186.4000E-9,200.0000E-15,-4.7119E-6
-268.0E+0,193.8500E-9,200.0000E-15,-4.7254E-6
-270.0E+0,201.8500E-9,200.0000E-15,-4.7393E-6
-272.0E+0,210.6000E-9,150.0000E-15,-4.7537E-6
-274.0E+0,220.2000E-9,150.0000E-15,-4.7693E-6
-276.0E+0,230.6000E-9,249.9900E-15,-4.7859E-6
-278.0E+0,242.1000E-9,249.9900E-15,-4.8036E-6
-280.0E+0,254.9500E-9,350.0000E-15,-4.8230E-6
-282.0E+0,269.0500E-9,300.0000E-15,-4.8436E-6
-284.0E+0,284.9000E-9,249.9900E-15,-4.8663E-6
-286.0E+0,302.9000E-9,150.0000E-15,-4.8911E-6
-288.0E+0,323.1400E-9,249.9900E-15,-4.9183E-6
-290.0E+0,346.3500E-9,200.0000E-15,-4.9487E-6
-292.0E+0,373.4900E-9,300.0000E-15,-4.9831E-6
-294.0E+0,404.7500E-9,350.0000E-15,-5.0220E-6
-296.0E+0,441.8400E-9,350.0000E-15,-5.0671E-6
-298.0E+0,486.8500E-9,350.0000E-15,-5.1203E-6
-300.0E+0,541.3300E-9,300.0000E-15,-5.1831E-6
-302.0E+0,609.3500E-9,249.9900E-15,-5.2598E-6
-304.0E+0,697.0400E-9,249.9900E-15,-5.3565E-6
-306.0E+0,811.8200E-9,150.0000E-15,-5.4807E-6
-308.0E+0,968.2800E-9,200.0000E-15,-5.6467E-6
-310.0E+0,1.1925E-6,350.0000E-15,-5.8811E-6
-312.0E+0,1.5345E-6,300.0000E-15,-6.2343E-6
-314.0E+0,2.0859E-6,350.0000E-15,-6.7987E-6
-316.0E+0,3.0695E-6,300.0000E-15,-7.7939E-6
