Temperature: 60.0 Ramp Up
Humidity: 11.0
Date: 21/9/2023 2:34 PM
Sweep Voltage,pad,gr,back,,conc
0.0E+0,-111.2500E-9,111.6500E-9,57.1061E-12
-2.0E+0,-110.8500E-9,111.7500E-9,-149.1538E-12
-4.0E+0,205.1000E-12,125.6500E-9,-125.6552E-9
-6.0E+0,224.1000E-12,126.1000E-9,-126.0777E-9
-8.0E+0,242.9500E-12,126.4500E-9,-126.4596E-9
-10.0E+0,266.2000E-12,126.7500E-9,-126.8077E-9
-12.0E+0,299.1500E-12,127.0500E-9,-127.1354E-9
-14.0E+0,346.1500E-12,127.3500E-9,-127.4875E-9
-16.0E+0,419.2500E-12,127.6500E-9,-127.8311E-9
-18.0E+0,536.8600E-12,127.9000E-9,-128.2055E-9
-20.0E+0,737.0000E-12,128.1400E-9,-128.6573E-9
-22.0E+0,1.1140E-9,128.4000E-9,-129.0902E-9
-24.0E+0,1.4880E-9,128.6000E-9,-129.7337E-9
-26.0E+0,1.5075E-9,128.8500E-9,-130.1168E-9
-28.0E+0,1.5265E-9,129.0500E-9,-130.3839E-9
-30.0E+0,1.5475E-9,129.3000E-9,-130.6509E-9
-32.0E+0,1.5669E-9,129.5000E-9,-130.8460E-9
-34.0E+0,1.5875E-9,129.7000E-9,-131.1715E-9
-36.0E+0,1.6084E-9,129.9500E-9,-131.3351E-9
-38.0E+0,1.6300E-9,130.1400E-9,-131.4451E-9
-40.0E+0,1.6510E-9,130.3500E-9,-131.7000E-9
-42.0E+0,1.6730E-9,130.5500E-9,-131.9280E-9
-44.0E+0,1.6955E-9,130.7500E-9,-132.1945E-9
-46.0E+0,1.7180E-9,130.9500E-9,-132.4238E-9
-48.0E+0,1.7415E-9,131.1000E-9,-132.7442E-9
-50.0E+0,1.7650E-9,131.3500E-9,-132.9266E-9
-52.0E+0,1.7895E-9,131.6000E-9,-133.0786E-9
-54.0E+0,1.8144E-9,131.8000E-9,-133.3211E-9
-56.0E+0,1.8389E-9,132.0000E-9,-133.6818E-9
-58.0E+0,1.8655E-9,132.2500E-9,-133.8619E-9
-60.0E+0,1.8920E-9,132.4400E-9,-134.0219E-9
-62.0E+0,1.9189E-9,132.6500E-9,-134.2190E-9
-64.0E+0,1.9474E-9,132.8400E-9,-134.6482E-9
-66.0E+0,1.9754E-9,133.0500E-9,-134.8037E-9
-68.0E+0,2.0044E-9,133.2400E-9,-135.0450E-9
-70.0E+0,2.0334E-9,133.4500E-9,-135.1829E-9
-72.0E+0,2.0640E-9,133.6400E-9,-135.4240E-9
-74.0E+0,2.0959E-9,133.8500E-9,-135.5564E-9
-76.0E+0,2.1280E-9,134.0500E-9,-136.0540E-9
-78.0E+0,2.1599E-9,134.2500E-9,-136.2557E-9
-80.0E+0,2.1949E-9,134.4500E-9,-136.4712E-9
-82.0E+0,2.2294E-9,134.7000E-9,-136.7689E-9
-84.0E+0,2.2640E-9,134.9000E-9,-136.9194E-9
-86.0E+0,2.3009E-9,135.1500E-9,-137.3240E-9
-88.0E+0,2.3390E-9,135.3500E-9,-137.5832E-9
-90.0E+0,2.3770E-9,135.5500E-9,-137.8169E-9
-92.0E+0,2.4170E-9,135.7500E-9,-137.8884E-9
-94.0E+0,2.4585E-9,135.9400E-9,-138.2688E-9
-96.0E+0,2.4994E-9,136.1500E-9,-138.3491E-9
-98.0E+0,2.5429E-9,136.3000E-9,-138.5074E-9
-100.0E+0,2.5880E-9,136.5000E-9,-138.7481E-9
-102.0E+0,2.6345E-9,136.7000E-9,-139.2098E-9
-104.0E+0,2.6829E-9,136.8500E-9,-139.4358E-9
-106.0E+0,2.7314E-9,137.0500E-9,-139.4881E-9
-108.0E+0,2.7825E-9,137.2000E-9,-139.8007E-9
-110.0E+0,2.8359E-9,137.3500E-9,-140.0749E-9
-112.0E+0,2.8909E-9,137.5400E-9,-140.1706E-9
-114.0E+0,2.9470E-9,137.7000E-9,-140.3798E-9
-116.0E+0,3.0054E-9,137.8500E-9,-140.6465E-9
-118.0E+0,3.0669E-9,138.0500E-9,-140.7252E-9
-120.0E+0,3.1305E-9,138.2000E-9,-141.0064E-9
-122.0E+0,3.1964E-9,138.3500E-9,-141.2488E-9
-124.0E+0,3.2650E-9,138.5000E-9,-141.5246E-9
-126.0E+0,3.3349E-9,138.6500E-9,-141.6861E-9
-128.0E+0,3.4095E-9,138.8000E-9,-141.9679E-9
-130.0E+0,3.4849E-9,138.9500E-9,-142.2060E-9
-132.0E+0,3.5639E-9,139.0900E-9,-142.4953E-9
-134.0E+0,3.6474E-9,139.2500E-9,-142.6548E-9
-136.0E+0,3.7344E-9,139.4000E-9,-142.9979E-9
-138.0E+0,3.8249E-9,139.5500E-9,-143.0876E-9
-140.0E+0,3.9204E-9,139.7000E-9,-143.4693E-9
-142.0E+0,4.0204E-9,139.8000E-9,-143.4964E-9
-144.0E+0,4.1243E-9,139.9500E-9,-143.8823E-9
-146.0E+0,4.2348E-9,140.1000E-9,-144.2119E-9
-148.0E+0,4.3494E-9,140.2400E-9,-144.2109E-9
-150.0E+0,4.4704E-9,140.3500E-9,-144.5198E-9
-152.0E+0,4.5993E-9,140.5000E-9,-144.8365E-9
-154.0E+0,4.7335E-9,140.6000E-9,-145.2422E-9
-156.0E+0,4.8753E-9,140.7500E-9,-145.3846E-9
-158.0E+0,5.0268E-9,140.9000E-9,-145.7027E-9
-160.0E+0,5.1873E-9,141.0000E-9,-146.0393E-9
-162.0E+0,5.3558E-9,141.1500E-9,-146.2941E-9
-164.0E+0,5.5384E-9,141.2500E-9,-146.5494E-9
-166.0E+0,5.7298E-9,141.4000E-9,-146.9902E-9
-168.0E+0,5.9363E-9,141.5000E-9,-147.3499E-9
-170.0E+0,6.1593E-9,141.6500E-9,-147.5450E-9
-172.0E+0,6.3963E-9,141.7900E-9,-147.8757E-9
-174.0E+0,6.6518E-9,141.9500E-9,-148.3144E-9
-176.0E+0,6.9313E-9,142.0500E-9,-148.7209E-9
-178.0E+0,7.2309E-9,142.1500E-9,-149.2003E-9
-180.0E+0,7.5529E-9,142.3000E-9,-149.5072E-9
-182.0E+0,7.9058E-9,142.4500E-9,-150.0679E-9
-184.0E+0,8.2932E-9,142.6500E-9,-150.7445E-9
-186.0E+0,8.7184E-9,142.8000E-9,-151.2782E-9
-188.0E+0,9.1950E-9,143.0500E-9,-151.9795E-9
-190.0E+0,9.7211E-9,143.3000E-9,-152.7877E-9
-192.0E+0,10.3080E-9,143.7000E-9,-153.7643E-9
-194.0E+0,10.9700E-9,144.2000E-9,-154.9713E-9
-196.0E+0,11.7300E-9,144.9000E-9,-156.5172E-9
-198.0E+0,12.5900E-9,145.7400E-9,-158.1682E-9
-200.0E+0,13.5850E-9,146.6000E-9,-159.9265E-9
-202.0E+0,14.7600E-9,147.2900E-9,-161.8188E-9
-204.0E+0,16.1450E-9,147.9500E-9,-163.8607E-9
-206.0E+0,17.7950E-9,148.5500E-9,-166.1184E-9
-208.0E+0,19.8600E-9,149.1000E-9,-168.6913E-9
-210.0E+0,22.4050E-9,149.6000E-9,-171.8873E-9
-212.0E+0,25.7500E-9,150.0400E-9,-175.5547E-9
-214.0E+0,30.2640E-9,150.5000E-9,-180.6159E-9
-216.0E+0,36.5740E-9,150.8500E-9,-187.1679E-9
-218.0E+0,46.0150E-9,151.2500E-9,-196.9806E-9
-220.0E+0,61.4090E-9,151.5900E-9,-212.8981E-9
-222.0E+0,89.0470E-9,151.9400E-9,-240.9378E-9
-224.0E+0,147.1000E-9,152.3000E-9,-299.4392E-9
-226.0E+0,299.5900E-9,152.6000E-9,-451.4679E-9
-228.0E+0,868.2000E-9,152.9000E-9,-1.0240E-6
