Temperature: 20.0 Ramp Up
Humidity: 20.0
Date: 26/9/2023 3:57 PM
Sweep Voltage,pad,gr,back,,conc
0.0E+0,6.6348E-9,-4.0095E-9,196.7485E-12
-2.0E+0,400.0000E-15,5.7064E-9,-5.5991E-9
-4.0E+0,2.3000E-12,5.7328E-9,-5.6312E-9
-6.0E+0,5.6499E-12,5.7498E-9,-5.6623E-9
-8.0E+0,8.2001E-12,5.7644E-9,-5.6886E-9
-10.0E+0,10.2500E-12,5.7778E-9,-5.7044E-9
-12.0E+0,13.0500E-12,5.7894E-9,-5.7207E-9
-14.0E+0,16.6500E-12,5.8058E-9,-5.7624E-9
-16.0E+0,24.2000E-12,5.9754E-9,-5.9578E-9
-18.0E+0,36.2500E-12,7.4428E-9,-7.5274E-9
-20.0E+0,58.8010E-12,13.4200E-9,-13.9526E-9
-22.0E+0,104.9500E-12,30.2100E-9,-31.8225E-9
-24.0E+0,144.6500E-12,61.9800E-9,-65.0580E-9
-26.0E+0,147.7500E-12,105.0000E-9,-113.0195E-9
-28.0E+0,150.5500E-12,178.0900E-9,-179.7169E-9
-30.0E+0,153.7500E-12,255.3000E-9,-243.4104E-9
-32.0E+0,156.7000E-12,294.5500E-9,-301.8050E-9
-34.0E+0,160.1000E-12,332.7000E-9,-345.3682E-9
-36.0E+0,163.4500E-12,356.1000E-9,-306.4171E-9
-38.0E+0,166.2500E-12,397.0900E-9,-393.4960E-9
-40.0E+0,168.9000E-12,444.9000E-9,-436.9144E-9
-42.0E+0,172.4000E-12,483.7300E-9,-488.6739E-9
-44.0E+0,175.9500E-12,517.3500E-9,-493.3104E-9
-46.0E+0,179.9000E-12,577.5900E-9,-548.5522E-9
-48.0E+0,183.7000E-12,620.5800E-9,-639.4681E-9
-50.0E+0,187.0000E-12,672.2400E-9,-668.0531E-9
-52.0E+0,190.8000E-12,750.3800E-9,-724.3768E-9
-54.0E+0,195.4000E-12,802.5400E-9,-725.8643E-9
-56.0E+0,199.3000E-12,851.9000E-9,-830.1241E-9
-58.0E+0,203.1000E-12,883.1200E-9,-910.5048E-9
-60.0E+0,207.0500E-12,943.8300E-9,-920.0883E-9
-62.0E+0,211.1000E-12,935.0800E-9,-865.0563E-9
-64.0E+0,215.7000E-12,931.1500E-9,-929.8867E-9
-66.0E+0,221.1500E-12,917.1800E-9,-883.8969E-9
-68.0E+0,226.4000E-12,951.2300E-9,-943.8982E-9
-70.0E+0,230.2000E-12,963.5100E-9,-914.7088E-9
-72.0E+0,236.2500E-12,944.4800E-9,-932.3447E-9
-74.0E+0,241.4600E-12,953.2400E-9,-960.7845E-9
-76.0E+0,247.2500E-12,1.0550E-6,-1.0504E-6
-78.0E+0,253.1900E-12,1.1195E-6,-1.1040E-6
-80.0E+0,259.5000E-12,1.1820E-6,-1.1416E-6
-82.0E+0,266.0000E-12,1.2090E-6,-1.1735E-6
-84.0E+0,272.5900E-12,1.2080E-6,-1.1984E-6
-86.0E+0,280.0500E-12,1.3200E-6,-1.3630E-6
-88.0E+0,286.8000E-12,1.5230E-6,-1.5109E-6
-90.0E+0,294.6000E-12,1.6085E-6,-1.5900E-6
-92.0E+0,302.5100E-12,1.4655E-6,-1.3651E-6
-94.0E+0,310.4500E-12,1.2410E-6,-1.2707E-6
-96.0E+0,319.9000E-12,1.3670E-6,-1.4438E-6
-98.0E+0,329.0500E-12,1.3915E-6,-1.5425E-6
-100.0E+0,338.9000E-12,1.5830E-6,-1.5876E-6
-102.0E+0,349.7400E-12,1.7255E-6,-1.7318E-6
-104.0E+0,359.8500E-12,1.7780E-6,-1.7986E-6
-106.0E+0,372.0000E-12,1.7845E-6,-1.6619E-6
-108.0E+0,383.3500E-12,1.6655E-6,-1.6028E-6
-110.0E+0,396.5900E-12,1.6780E-6,-1.6609E-6
-112.0E+0,409.5000E-12,1.5810E-6,-1.6032E-6
-114.0E+0,424.0500E-12,1.7155E-6,-1.6968E-6
-116.0E+0,440.2900E-12,1.5850E-6,-1.6524E-6
-118.0E+0,456.9900E-12,1.6230E-6,-1.5148E-6
-120.0E+0,473.6500E-12,1.6070E-6,-1.4317E-6
-122.0E+0,493.6600E-12,1.5475E-6,-1.5431E-6
-124.0E+0,512.5900E-12,1.6845E-6,-1.6080E-6
-126.0E+0,534.8100E-12,1.8075E-6,-1.8669E-6
-128.0E+0,557.0400E-12,1.7890E-6,-1.7432E-6
-130.0E+0,581.9600E-12,1.7610E-6,-1.7291E-6
-132.0E+0,608.7100E-12,1.7730E-6,-1.7939E-6
-134.0E+0,640.8000E-12,1.6955E-6,-1.7093E-6
-136.0E+0,671.5500E-12,1.8445E-6,-1.8000E-6
-138.0E+0,710.1500E-12,1.7505E-6,-1.7337E-6
-140.0E+0,749.5100E-12,1.6895E-6,-1.6303E-6
-142.0E+0,794.8400E-12,1.7240E-6,-1.8542E-6
-144.0E+0,844.8400E-12,1.9280E-6,-1.9523E-6
-146.0E+0,902.4500E-12,2.0370E-6,-2.0111E-6
-148.0E+0,964.4100E-12,2.1750E-6,-2.1381E-6
-150.0E+0,1.0390E-9,2.1020E-6,-2.0130E-6
-152.0E+0,1.1255E-9,2.1495E-6,-2.1832E-6
-154.0E+0,1.2255E-9,2.0055E-6,-1.9596E-6
-156.0E+0,1.3450E-9,2.1175E-6,-2.1112E-6
-158.0E+0,1.4909E-9,2.1615E-6,-2.0776E-6
-160.0E+0,1.6680E-9,2.0114E-6,-1.9027E-6
-162.0E+0,1.8920E-9,2.1935E-6,-2.2279E-6
-164.0E+0,2.1835E-9,2.3780E-6,-2.3246E-6
-166.0E+0,2.5790E-9,2.4575E-6,-2.4945E-6
-168.0E+0,3.1330E-9,2.5390E-6,-2.3209E-6
-170.0E+0,3.9763E-9,2.4585E-6,-2.5147E-6
-172.0E+0,5.3173E-9,2.5704E-6,-2.4127E-6
-174.0E+0,7.7602E-9,2.5824E-6,-2.4280E-6
-176.0E+0,12.9200E-9,2.4985E-6,-2.4035E-6
-178.0E+0,26.0900E-9,2.5195E-6,-2.4036E-6
-180.0E+0,74.4000E-9,2.9894E-6,-2.8720E-6
-182.0E+0,780.4800E-9,2.5610E-6,-3.2674E-6
