Temperature: 21.0 Room 
Humidity: 13.0
Date: 30/10/2023 7:34 AM
Sweep Voltage,pad,gr,V,,conc
0.0E+0,-89.0610E-9,100.0000E-15,97.6350E-12
-2.0E+0,47.2990E-12,200.0000E-15,-392.6843E-9
-4.0E+0,86.2990E-12,50.0000E-15,-392.9156E-9
-6.0E+0,77.2010E-12,50.0000E-15,-393.0631E-9
-8.0E+0,71.3490E-12,100.0000E-15,-393.1851E-9
-10.0E+0,66.8020E-12,150.0000E-15,-393.3088E-9
-12.0E+0,63.9490E-12,100.0000E-15,-393.4097E-9
-14.0E+0,62.4000E-12,100.0000E-15,-393.5069E-9
-16.0E+0,60.9500E-12,0.0000E+0,-393.6107E-9
-18.0E+0,62.1020E-12,100.0000E-15,-393.7203E-9
-20.0E+0,66.2510E-12,50.0000E-15,-393.8271E-9
-22.0E+0,69.1500E-12,150.0000E-15,-393.3820E-9
-24.0E+0,80.9490E-12,150.0000E-15,-394.1698E-9
-26.0E+0,84.2490E-12,100.0000E-15,-394.2650E-9
-28.0E+0,86.2490E-12,150.0000E-15,-394.4550E-9
-30.0E+0,86.8990E-12,200.0000E-15,-394.5525E-9
-32.0E+0,88.8500E-12,100.0000E-15,-394.7832E-9
-34.0E+0,90.2500E-12,200.0000E-15,-394.9307E-9
-36.0E+0,91.9510E-12,150.0000E-15,-395.0902E-9
-38.0E+0,94.3500E-12,0.0000E+0,-395.1461E-9
-40.0E+0,97.2980E-12,50.0000E-15,-395.4888E-9
-42.0E+0,98.2000E-12,50.0000E-15,-395.6439E-9
-44.0E+0,99.3520E-12,100.0000E-15,-395.9051E-9
-46.0E+0,101.7500E-12,200.0000E-15,-396.2231E-9
-48.0E+0,103.1500E-12,200.0000E-15,-396.5376E-9
-50.0E+0,105.1000E-12,100.0000E-15,-396.8438E-9
-52.0E+0,107.5500E-12,50.0000E-15,-397.0731E-9
-54.0E+0,109.8000E-12,50.0000E-15,-397.4422E-9
-56.0E+0,112.4500E-12,100.0000E-15,-397.7802E-9
-58.0E+0,114.7500E-12,150.0000E-15,-397.9737E-9
-60.0E+0,116.2500E-12,150.0000E-15,-398.1991E-9
-62.0E+0,117.7000E-12,150.0000E-15,-398.4546E-9
-64.0E+0,120.2500E-12,100.0000E-15,-398.8460E-9
-66.0E+0,123.5500E-12,100.0000E-15,-399.0321E-9
-68.0E+0,125.9500E-12,100.0000E-15,-399.3039E-9
-70.0E+0,128.9500E-12,100.0000E-15,-399.6076E-9
-72.0E+0,130.3000E-12,50.0000E-15,-399.7480E-9
-74.0E+0,133.4000E-12,50.0000E-15,-399.8497E-9
-76.0E+0,136.5000E-12,150.0000E-15,-400.1606E-9
-78.0E+0,139.5000E-12,50.0000E-15,-400.4026E-9
-80.0E+0,141.8000E-12,150.0000E-15,-400.5690E-9
-82.0E+0,143.9000E-12,249.9900E-15,-400.8683E-9
-84.0E+0,146.7500E-12,50.0000E-15,-400.9882E-9
-86.0E+0,150.2500E-12,200.0000E-15,-401.1279E-9
-88.0E+0,152.9500E-12,150.0000E-15,-401.4065E-9
-90.0E+0,156.9500E-12,50.0000E-15,-401.5735E-9
-92.0E+0,160.8500E-12,150.0000E-15,-401.6342E-9
-94.0E+0,164.3000E-12,50.0000E-15,-401.8905E-9
-96.0E+0,168.7000E-12,50.0000E-15,-402.1317E-9
-98.0E+0,173.0000E-12,100.0000E-15,-402.2994E-9
-100.0E+0,177.0000E-12,150.0000E-15,-402.3868E-9
-102.0E+0,180.7000E-12,100.0000E-15,-402.5910E-9
-104.0E+0,184.2500E-12,200.0000E-15,-402.6381E-9
-106.0E+0,188.6000E-12,200.0000E-15,-402.8674E-9
-108.0E+0,193.7500E-12,50.0000E-15,-403.1216E-9
-110.0E+0,198.9500E-12,100.0000E-15,-403.3695E-9
-112.0E+0,205.0000E-12,100.0000E-15,-403.3699E-9
-114.0E+0,210.7000E-12,200.0000E-15,-403.6519E-9
-116.0E+0,216.1500E-12,100.0000E-15,-403.8446E-9
-118.0E+0,221.8500E-12,200.0000E-15,-404.0564E-9
-120.0E+0,228.2500E-12,200.0000E-15,-404.1423E-9
-122.0E+0,234.0900E-12,150.0000E-15,-404.3093E-9
-124.0E+0,240.6000E-12,150.0000E-15,-404.6570E-9
-126.0E+0,248.8500E-12,100.0000E-15,-404.9418E-9
-128.0E+0,257.4400E-12,100.0000E-15,-405.2403E-9
-130.0E+0,266.0600E-12,200.0000E-15,-405.6811E-9
-132.0E+0,275.1900E-12,150.0000E-15,-405.8930E-9
-134.0E+0,284.0500E-12,150.0000E-15,-406.4790E-9
-136.0E+0,292.8000E-12,200.0000E-15,-406.9706E-9
-138.0E+0,303.1000E-12,200.0000E-15,-407.4734E-9
-140.0E+0,314.3400E-12,249.9900E-15,-408.1299E-9
-142.0E+0,326.3500E-12,150.0000E-15,-408.4732E-9
-144.0E+0,339.5500E-12,150.0000E-15,-409.0802E-9
-146.0E+0,354.3000E-12,150.0000E-15,-409.5196E-9
-148.0E+0,369.7500E-12,150.0000E-15,-410.1132E-9
-150.0E+0,386.2900E-12,200.0000E-15,-410.5655E-9
-152.0E+0,403.3400E-12,200.0000E-15,-411.0913E-9
-154.0E+0,423.8900E-12,200.0000E-15,-411.6898E-9
-156.0E+0,444.6000E-12,249.9900E-15,-412.0673E-9
-158.0E+0,468.3000E-12,150.0000E-15,-412.6566E-9
-160.0E+0,494.8000E-12,249.9900E-15,-413.0076E-9
-162.0E+0,522.5600E-12,200.0000E-15,-413.4270E-9
-164.0E+0,554.1900E-12,200.0000E-15,-414.0798E-9
-166.0E+0,590.4900E-12,249.9900E-15,-414.5585E-9
-168.0E+0,631.1600E-12,150.0000E-15,-414.9943E-9
-170.0E+0,680.1000E-12,200.0000E-15,-415.4175E-9
-172.0E+0,733.9900E-12,200.0000E-15,-415.8624E-9
-174.0E+0,797.8000E-12,50.0000E-15,-416.4474E-9
-176.0E+0,874.3100E-12,150.0000E-15,-417.1050E-9
-178.0E+0,963.9500E-12,150.0000E-15,-417.6176E-9
-180.0E+0,1.0755E-9,150.0000E-15,-418.2805E-9
-182.0E+0,1.2139E-9,150.0000E-15,-418.9087E-9
-184.0E+0,1.3879E-9,300.0000E-15,-419.5279E-9
-186.0E+0,1.6220E-9,200.0000E-15,-420.2105E-9
-188.0E+0,1.9420E-9,249.9900E-15,-420.9085E-9
-190.0E+0,2.3989E-9,150.0000E-15,-421.7305E-9
-192.0E+0,3.0809E-9,100.0000E-15,-422.8716E-9
-194.0E+0,4.2019E-9,100.0000E-15,-424.4546E-9
-196.0E+0,6.1973E-9,200.0000E-15,-426.8921E-9
-198.0E+0,10.1760E-9,300.0000E-15,-431.3819E-9
-200.0E+0,19.2700E-9,150.0000E-15,-440.9864E-9
-202.0E+0,45.6800E-9,100.0000E-15,-467.8294E-9
-204.0E+0,151.0000E-9,150.0000E-15,-575.8116E-9
-206.0E+0,1.3605E-6,100.0000E-15,-1.7822E-6
