Temperature: 120.0 Down
Humidity: 1.0
Date: 30/10/2023 12:02 PM
Sweep Voltage,pad,gr,V,,conc
0.0E+0,-248.4000E-9,800.0000E-15,-13.3710E-9
-2.0E+0,7.0199E-9,849.9800E-15,-3.6557E-6
-4.0E+0,9.6357E-9,750.0100E-15,-3.6729E-6
-6.0E+0,10.0000E-9,900.0000E-15,-3.6811E-6
-8.0E+0,10.3250E-9,800.0000E-15,-3.6876E-6
-10.0E+0,10.7500E-9,800.0000E-15,-3.6933E-6
-12.0E+0,11.3400E-9,849.9800E-15,-3.6989E-6
-14.0E+0,12.2100E-9,849.9800E-15,-3.7040E-6
-16.0E+0,13.4900E-9,849.9800E-15,-3.7095E-6
-18.0E+0,15.3800E-9,800.0000E-15,-3.7156E-6
-20.0E+0,18.2950E-9,900.0000E-15,-3.7228E-6
-22.0E+0,24.7350E-9,750.0100E-15,-3.7335E-6
-24.0E+0,30.3640E-9,849.9800E-15,-3.7435E-6
-26.0E+0,31.1300E-9,849.9800E-15,-3.7484E-6
-28.0E+0,31.6900E-9,800.0000E-15,-3.7533E-6
-30.0E+0,32.1850E-9,800.0000E-15,-3.7583E-6
-32.0E+0,32.6250E-9,849.9800E-15,-3.7636E-6
-34.0E+0,33.0550E-9,849.9800E-15,-3.7690E-6
-36.0E+0,33.4950E-9,800.0000E-15,-3.7743E-6
-38.0E+0,33.9150E-9,800.0000E-15,-3.7798E-6
-40.0E+0,34.2950E-9,900.0000E-15,-3.7857E-6
-42.0E+0,34.6440E-9,849.9800E-15,-3.7919E-6
-44.0E+0,34.9790E-9,900.0000E-15,-3.7978E-6
-46.0E+0,35.3050E-9,849.9800E-15,-3.8049E-6
-48.0E+0,35.6360E-9,800.0000E-15,-3.8121E-6
-50.0E+0,35.9450E-9,800.0000E-15,-3.8196E-6
-52.0E+0,36.2800E-9,800.0000E-15,-3.8272E-6
-54.0E+0,36.6000E-9,849.9800E-15,-3.8346E-6
-56.0E+0,36.9250E-9,849.9800E-15,-3.8418E-6
-58.0E+0,37.2490E-9,950.0200E-15,-3.8489E-6
-60.0E+0,37.5860E-9,849.9800E-15,-3.8560E-6
-62.0E+0,37.9150E-9,849.9800E-15,-3.8629E-6
-64.0E+0,38.2500E-9,800.0000E-15,-3.8699E-6
-66.0E+0,38.5840E-9,800.0000E-15,-3.8762E-6
-68.0E+0,38.9300E-9,800.0000E-15,-3.8826E-6
-70.0E+0,39.2650E-9,849.9800E-15,-3.8883E-6
-72.0E+0,39.6100E-9,800.0000E-15,-3.8943E-6
-74.0E+0,39.9590E-9,849.9800E-15,-3.8997E-6
-76.0E+0,40.3110E-9,800.0000E-15,-3.9049E-6
-78.0E+0,40.6710E-9,849.9800E-15,-3.9104E-6
-80.0E+0,41.0350E-9,900.0000E-15,-3.9154E-6
-82.0E+0,41.4050E-9,849.9800E-15,-3.9204E-6
-84.0E+0,41.7750E-9,900.0000E-15,-3.9255E-6
-86.0E+0,42.1550E-9,900.0000E-15,-3.9301E-6
-88.0E+0,42.5350E-9,800.0000E-15,-3.9351E-6
-90.0E+0,42.9300E-9,849.9800E-15,-3.9397E-6
-92.0E+0,43.3190E-9,849.9800E-15,-3.9444E-6
-94.0E+0,43.7300E-9,849.9800E-15,-3.9489E-6
-96.0E+0,44.1400E-9,849.9800E-15,-3.9536E-6
-98.0E+0,44.5450E-9,849.9800E-15,-3.9581E-6
-100.0E+0,44.9650E-9,900.0000E-15,-3.9625E-6
-102.0E+0,45.3950E-9,849.9800E-15,-3.9673E-6
-104.0E+0,45.8290E-9,900.0000E-15,-3.9723E-6
-106.0E+0,46.2700E-9,900.0000E-15,-3.9769E-6
-108.0E+0,46.7150E-9,849.9800E-15,-3.9818E-6
-110.0E+0,47.1900E-9,750.0100E-15,-3.9873E-6
-112.0E+0,47.6450E-9,800.0000E-15,-3.9929E-6
-114.0E+0,48.1250E-9,849.9800E-15,-3.9991E-6
-116.0E+0,48.6110E-9,849.9800E-15,-4.0054E-6
-118.0E+0,49.1110E-9,849.9800E-15,-4.0129E-6
-120.0E+0,49.6060E-9,849.9800E-15,-4.0216E-6
-122.0E+0,50.1200E-9,900.0000E-15,-4.0312E-6
-124.0E+0,50.6410E-9,849.9800E-15,-4.0421E-6
-126.0E+0,51.1550E-9,750.0100E-15,-4.0535E-6
-128.0E+0,51.6990E-9,849.9800E-15,-4.0658E-6
-130.0E+0,52.2540E-9,849.9800E-15,-4.0779E-6
-132.0E+0,52.8110E-9,849.9800E-15,-4.0902E-6
-134.0E+0,53.3850E-9,849.9800E-15,-4.1026E-6
-136.0E+0,53.9800E-9,849.9800E-15,-4.1148E-6
-138.0E+0,54.5750E-9,849.9800E-15,-4.1269E-6
-140.0E+0,55.1900E-9,900.0000E-15,-4.1387E-6
-142.0E+0,55.8160E-9,800.0000E-15,-4.1498E-6
-144.0E+0,56.4500E-9,849.9800E-15,-4.1611E-6
-146.0E+0,57.1200E-9,900.0000E-15,-4.1720E-6
-148.0E+0,57.7800E-9,900.0000E-15,-4.1827E-6
-150.0E+0,58.4640E-9,900.0000E-15,-4.1934E-6
-152.0E+0,59.1640E-9,900.0000E-15,-4.2036E-6
-154.0E+0,59.8740E-9,849.9800E-15,-4.2135E-6
-156.0E+0,60.6160E-9,900.0000E-15,-4.2233E-6
-158.0E+0,61.3690E-9,900.0000E-15,-4.2326E-6
-160.0E+0,62.1400E-9,900.0000E-15,-4.2419E-6
-162.0E+0,62.9300E-9,849.9800E-15,-4.2511E-6
-164.0E+0,63.7480E-9,849.9800E-15,-4.2598E-6
-166.0E+0,64.5740E-9,750.0100E-15,-4.2690E-6
-168.0E+0,65.4250E-9,849.9800E-15,-4.2785E-6
-170.0E+0,66.3060E-9,900.0000E-15,-4.2886E-6
-172.0E+0,67.1930E-9,900.0000E-15,-4.2982E-6
-174.0E+0,68.1140E-9,849.9800E-15,-4.3078E-6
-176.0E+0,69.0740E-9,900.0000E-15,-4.3169E-6
-178.0E+0,70.0460E-9,849.9800E-15,-4.3258E-6
-180.0E+0,71.0460E-9,849.9800E-15,-4.3346E-6
-182.0E+0,72.0790E-9,849.9800E-15,-4.3432E-6
-184.0E+0,73.1340E-9,849.9800E-15,-4.3517E-6
-186.0E+0,74.2400E-9,900.0000E-15,-4.3601E-6
-188.0E+0,75.3640E-9,900.0000E-15,-4.3683E-6
-190.0E+0,76.5250E-9,900.0000E-15,-4.3768E-6
-192.0E+0,77.7220E-9,900.0000E-15,-4.3849E-6
-194.0E+0,78.9550E-9,849.9800E-15,-4.3928E-6
-196.0E+0,80.2350E-9,849.9800E-15,-4.4009E-6
-198.0E+0,81.5560E-9,849.9800E-15,-4.4091E-6
-200.0E+0,82.9090E-9,800.0000E-15,-4.4171E-6
-202.0E+0,84.3210E-9,900.0000E-15,-4.4253E-6
-204.0E+0,85.7830E-9,849.9800E-15,-4.4330E-6
-206.0E+0,87.2790E-9,849.9800E-15,-4.4409E-6
-208.0E+0,88.8500E-9,849.9800E-15,-4.4490E-6
-210.0E+0,90.4690E-9,849.9800E-15,-4.4571E-6
-212.0E+0,92.1530E-9,900.0000E-15,-4.4650E-6
-214.0E+0,93.9030E-9,900.0000E-15,-4.4732E-6
-216.0E+0,95.7110E-9,849.9800E-15,-4.4814E-6
-218.0E+0,97.5890E-9,849.9800E-15,-4.4895E-6
-220.0E+0,99.5640E-9,849.9800E-15,-4.4977E-6
-222.0E+0,101.6200E-9,900.0000E-15,-4.5062E-6
-224.0E+0,103.7400E-9,900.0000E-15,-4.5147E-6
-226.0E+0,106.0000E-9,849.9800E-15,-4.5231E-6
-228.0E+0,108.3000E-9,849.9800E-15,-4.5316E-6
-230.0E+0,110.7500E-9,900.0000E-15,-4.5401E-6
-232.0E+0,113.3000E-9,800.0000E-15,-4.5489E-6
-234.0E+0,115.9500E-9,849.9800E-15,-4.5579E-6
-236.0E+0,118.7500E-9,849.9800E-15,-4.5670E-6
-238.0E+0,121.7000E-9,800.0000E-15,-4.5763E-6
-240.0E+0,124.8000E-9,900.0000E-15,-4.5858E-6
-242.0E+0,128.0000E-9,849.9800E-15,-4.5955E-6
-244.0E+0,131.4500E-9,800.0000E-15,-4.6054E-6
-246.0E+0,135.0500E-9,849.9800E-15,-4.6154E-6
-248.0E+0,138.8500E-9,900.0000E-15,-4.6257E-6
-250.0E+0,142.9000E-9,849.9800E-15,-4.6363E-6
-252.0E+0,147.2000E-9,900.0000E-15,-4.6472E-6
-254.0E+0,151.7000E-9,800.0000E-15,-4.6586E-6
-256.0E+0,156.5500E-9,849.9800E-15,-4.6707E-6
-258.0E+0,161.7400E-9,849.9800E-15,-4.6827E-6
-260.0E+0,167.2500E-9,849.9800E-15,-4.6953E-6
-262.0E+0,173.2000E-9,849.9800E-15,-4.7084E-6
-264.0E+0,179.6000E-9,849.9800E-15,-4.7224E-6
-266.0E+0,186.4000E-9,900.0000E-15,-4.7367E-6
-268.0E+0,193.8500E-9,900.0000E-15,-4.7520E-6
-270.0E+0,201.8900E-9,900.0000E-15,-4.7682E-6
-272.0E+0,210.6000E-9,849.9800E-15,-4.7849E-6
-274.0E+0,220.2000E-9,849.9800E-15,-4.8031E-6
-276.0E+0,230.6500E-9,849.9800E-15,-4.8222E-6
-278.0E+0,242.1400E-9,849.9800E-15,-4.8429E-6
-280.0E+0,254.9900E-9,849.9800E-15,-4.8653E-6
-282.0E+0,269.1500E-9,849.9800E-15,-4.8901E-6
-284.0E+0,285.0400E-9,849.9800E-15,-4.9196E-6
-286.0E+0,303.0400E-9,849.9800E-15,-4.9639E-6
-288.0E+0,323.3900E-9,849.9800E-15,-5.1237E-6
-290.0E+0,346.6000E-9,849.9800E-15,-7.2043E-6
