Temperature: 80.0 Ramp Up
Humidity: 10.0
Date: 28/9/2023 11:04 AM
Sweep Voltage,pad,gr,back,,conc
0.0E+0,-391.0400E-9,385.7000E-9,-2.9793E-9
-2.0E+0,36.9500E-12,311.1900E-9,-310.7153E-9
-4.0E+0,264.1900E-12,314.6400E-9,-314.3993E-9
-6.0E+0,325.8500E-12,317.8400E-9,-317.7080E-9
-8.0E+0,383.6900E-12,320.9400E-9,-320.8716E-9
-10.0E+0,455.0400E-12,324.3900E-9,-324.3843E-9
-12.0E+0,547.6900E-12,327.2900E-9,-327.3786E-9
-14.0E+0,690.9000E-12,329.8500E-9,-330.0373E-9
-16.0E+0,905.6600E-12,331.8400E-9,-332.3091E-9
-18.0E+0,1.2425E-9,333.5000E-9,-334.2678E-9
-20.0E+0,1.7860E-9,334.9000E-9,-336.2704E-9
-22.0E+0,2.7975E-9,336.1900E-9,-338.4600E-9
-24.0E+0,3.9174E-9,337.4000E-9,-340.7222E-9
-26.0E+0,3.9895E-9,338.4500E-9,-341.8414E-9
-28.0E+0,4.0559E-9,339.3900E-9,-342.9332E-9
-30.0E+0,4.1259E-9,340.4000E-9,-344.0420E-9
-32.0E+0,4.1989E-9,341.3000E-9,-345.0193E-9
-34.0E+0,4.2728E-9,342.1500E-9,-345.9200E-9
-36.0E+0,4.3474E-9,342.9900E-9,-346.9010E-9
-38.0E+0,4.4249E-9,343.9500E-9,-348.0192E-9
-40.0E+0,4.5025E-9,345.0400E-9,-349.2418E-9
-42.0E+0,4.5859E-9,346.6000E-9,-351.0397E-9
-44.0E+0,4.6705E-9,348.8400E-9,-353.4289E-9
-46.0E+0,4.7528E-9,351.8900E-9,-357.5811E-9
-48.0E+0,4.8353E-9,356.9000E-9,-363.1424E-9
-50.0E+0,4.9140E-9,363.9400E-9,-368.0808E-9
-52.0E+0,4.9854E-9,372.3400E-9,-377.3223E-9
-54.0E+0,5.0338E-9,382.8900E-9,-390.9524E-9
-56.0E+0,5.0939E-9,395.4500E-9,-403.3523E-9
-58.0E+0,5.1673E-9,411.2400E-9,-420.5878E-9
-60.0E+0,5.2639E-9,424.3500E-9,-436.1334E-9
-62.0E+0,5.3533E-9,443.9900E-9,-449.3629E-9
-64.0E+0,5.4354E-9,459.3500E-9,-471.2489E-9
-66.0E+0,5.5084E-9,479.9800E-9,-490.7791E-9
-68.0E+0,5.5818E-9,501.9500E-9,-511.5941E-9
-70.0E+0,5.6573E-9,518.2800E-9,-526.8165E-9
-72.0E+0,5.7348E-9,539.2900E-9,-550.4173E-9
-74.0E+0,5.8123E-9,561.0900E-9,-566.1568E-9
-76.0E+0,5.8890E-9,564.5300E-9,-571.4996E-9
-78.0E+0,5.9670E-9,587.0500E-9,-599.1956E-9
-80.0E+0,6.0493E-9,610.1300E-9,-623.3980E-9
-82.0E+0,6.1343E-9,631.6400E-9,-643.1793E-9
-84.0E+0,6.2194E-9,634.3500E-9,-644.6138E-9
-86.0E+0,6.3128E-9,660.5400E-9,-665.8117E-9
-88.0E+0,6.4044E-9,659.2900E-9,-688.7198E-9
-90.0E+0,6.4963E-9,694.4700E-9,-701.3107E-9
-92.0E+0,6.5893E-9,703.2300E-9,-716.2737E-9
-94.0E+0,6.6823E-9,714.8500E-9,-703.9082E-9
-96.0E+0,6.7798E-9,727.2500E-9,-756.3142E-9
-98.0E+0,6.8808E-9,765.0800E-9,-781.8742E-9
-100.0E+0,6.9849E-9,769.6800E-9,-779.2888E-9
-102.0E+0,7.0854E-9,800.9400E-9,-812.3130E-9
-104.0E+0,7.1948E-9,821.9800E-9,-837.3564E-9
-106.0E+0,7.3028E-9,852.1900E-9,-860.0753E-9
-108.0E+0,7.4158E-9,873.9300E-9,-893.0880E-9
-110.0E+0,7.5324E-9,857.8900E-9,-857.0373E-9
-112.0E+0,7.6493E-9,883.5900E-9,-886.7046E-9
-114.0E+0,7.7703E-9,873.5200E-9,-882.8027E-9
-116.0E+0,7.8971E-9,936.1300E-9,-940.0399E-9
-118.0E+0,8.0267E-9,942.8800E-9,-956.2319E-9
-120.0E+0,8.1586E-9,975.3900E-9,-989.5675E-9
-122.0E+0,8.2964E-9,962.4100E-9,-995.0576E-9
-124.0E+0,8.4342E-9,1.0043E-6,-983.4263E-9
-126.0E+0,8.5779E-9,1.0665E-6,-1.0753E-6
-128.0E+0,8.7293E-9,1.0720E-6,-1.0837E-6
-130.0E+0,8.8848E-9,1.0925E-6,-1.1385E-6
-132.0E+0,9.0417E-9,1.1480E-6,-1.1528E-6
-134.0E+0,9.2077E-9,1.1565E-6,-1.1391E-6
-136.0E+0,9.3819E-9,1.1625E-6,-1.1639E-6
-138.0E+0,9.5597E-9,1.2035E-6,-1.2092E-6
-140.0E+0,9.7398E-9,1.2350E-6,-1.2736E-6
-142.0E+0,9.9289E-9,1.2585E-6,-1.2724E-6
-144.0E+0,10.1260E-9,1.3105E-6,-1.3349E-6
-146.0E+0,10.3320E-9,1.3305E-6,-1.3689E-6
-148.0E+0,10.5600E-9,1.4135E-6,-1.4129E-6
-150.0E+0,10.7850E-9,1.4455E-6,-1.4656E-6
-152.0E+0,11.0150E-9,1.4015E-6,-1.4224E-6
-154.0E+0,11.2550E-9,1.4495E-6,-1.4739E-6
-156.0E+0,11.5050E-9,1.4780E-6,-1.5038E-6
-158.0E+0,11.7600E-9,1.4835E-6,-1.5191E-6
-160.0E+0,12.0350E-9,1.4880E-6,-1.5259E-6
-162.0E+0,12.3150E-9,1.5815E-6,-1.5956E-6
-164.0E+0,12.6200E-9,1.6070E-6,-1.6156E-6
-166.0E+0,12.9350E-9,1.6425E-6,-1.6271E-6
-168.0E+0,13.2550E-9,1.6890E-6,-1.7078E-6
-170.0E+0,13.6000E-9,1.7205E-6,-1.7060E-6
-172.0E+0,13.9600E-9,1.7275E-6,-1.7586E-6
-174.0E+0,14.3400E-9,1.7705E-6,-1.7742E-6
-176.0E+0,14.7450E-9,1.7515E-6,-1.7495E-6
-178.0E+0,15.1650E-9,1.7880E-6,-1.8315E-6
-180.0E+0,15.6050E-9,1.8040E-6,-1.8203E-6
-182.0E+0,16.0800E-9,1.8355E-6,-1.8573E-6
-184.0E+0,16.5800E-9,1.9240E-6,-1.9661E-6
-186.0E+0,17.1100E-9,1.9495E-6,-1.9656E-6
-188.0E+0,17.6800E-9,2.0150E-6,-2.0255E-6
-190.0E+0,18.2800E-9,2.0260E-6,-2.0198E-6
-192.0E+0,18.9250E-9,2.0160E-6,-2.0130E-6
-194.0E+0,19.6150E-9,2.0675E-6,-2.1308E-6
-196.0E+0,20.3500E-9,2.1750E-6,-2.2167E-6
-198.0E+0,21.1550E-9,2.2375E-6,-2.1328E-6
-200.0E+0,22.0200E-9,2.1990E-6,-2.2689E-6
-202.0E+0,22.9600E-9,2.3225E-6,-2.3781E-6
-204.0E+0,23.9850E-9,2.3475E-6,-2.3447E-6
-206.0E+0,25.0900E-9,2.3924E-6,-2.4348E-6
-208.0E+0,26.3200E-9,2.4164E-6,-2.3922E-6
-210.0E+0,27.6650E-9,2.4090E-6,-2.4398E-6
-212.0E+0,29.1550E-9,2.4660E-6,-2.5423E-6
-214.0E+0,30.8190E-9,2.4715E-6,-2.5109E-6
-216.0E+0,32.6850E-9,2.5554E-6,-2.5819E-6
-218.0E+0,34.7640E-9,2.5940E-6,-2.6200E-6
-220.0E+0,37.1550E-9,2.6125E-6,-2.6752E-6
-222.0E+0,39.8700E-9,2.6485E-6,-2.7174E-6
-224.0E+0,43.0100E-9,2.6720E-6,-2.6751E-6
-226.0E+0,46.7210E-9,2.7284E-6,-2.7083E-6
-228.0E+0,51.1210E-9,2.6900E-6,-2.7202E-6
-230.0E+0,56.4110E-9,2.7430E-6,-2.8143E-6
-232.0E+0,62.9910E-9,2.7654E-6,-2.8834E-6
-234.0E+0,71.0890E-9,2.8680E-6,-2.9769E-6
-236.0E+0,81.7560E-9,2.9010E-6,-2.9981E-6
-238.0E+0,96.1590E-9,2.9475E-6,-3.0799E-6
-240.0E+0,116.7500E-9,3.0114E-6,-3.2974E-6
-242.0E+0,147.0500E-9,3.1049E-6,-3.2919E-6
-244.0E+0,197.4500E-9,3.1550E-6,-3.3314E-6
-246.0E+0,287.5000E-9,3.1785E-6,-3.4279E-6
-248.0E+0,476.0400E-9,3.1900E-6,-3.6794E-6
-250.0E+0,961.7700E-9,3.1994E-6,-4.2762E-6
-252.0E+0,2.5500E-6,3.3624E-6,-5.8411E-6
