Temperature: 100.0 Ramp Up
Humidity: 4.0
Date: 28/9/2023 11:17 AM
Sweep Voltage,pad,gr,back,,conc
0.0E+0,-591.5900E-9,584.9000E-9,-4.9137E-9
-2.0E+0,917.4800E-12,701.9000E-9,-702.5579E-9
-4.0E+0,1.4290E-9,710.5400E-9,-711.7197E-9
-6.0E+0,1.5800E-9,719.1800E-9,-720.5298E-9
-8.0E+0,1.7300E-9,727.5400E-9,-729.0939E-9
-10.0E+0,1.9114E-9,737.2300E-9,-738.9360E-9
-12.0E+0,2.1720E-9,747.0400E-9,-749.0742E-9
-14.0E+0,2.5550E-9,755.5300E-9,-758.0317E-9
-16.0E+0,3.1264E-9,762.4900E-9,-765.4414E-9
-18.0E+0,3.9909E-9,767.5300E-9,-771.4206E-9
-20.0E+0,5.3553E-9,771.6900E-9,-776.8052E-9
-22.0E+0,7.9212E-9,775.1800E-9,-782.7846E-9
-24.0E+0,11.1000E-9,778.3800E-9,-789.1820E-9
-26.0E+0,11.3050E-9,781.2300E-9,-792.4762E-9
-28.0E+0,11.5050E-9,784.0800E-9,-795.2190E-9
-30.0E+0,11.7000E-9,786.6700E-9,-798.2924E-9
-32.0E+0,11.9050E-9,789.1800E-9,-800.8935E-9
-34.0E+0,12.1150E-9,791.3900E-9,-803.2532E-9
-36.0E+0,12.3300E-9,793.4300E-9,-805.6798E-9
-38.0E+0,12.5450E-9,795.5200E-9,-807.8944E-9
-40.0E+0,12.7700E-9,797.4700E-9,-810.0520E-9
-42.0E+0,13.0000E-9,799.2500E-9,-811.8354E-9
-44.0E+0,13.2250E-9,800.9400E-9,-814.0034E-9
-46.0E+0,13.4300E-9,802.7400E-9,-816.0411E-9
-48.0E+0,13.5700E-9,804.4900E-9,-817.8883E-9
-50.0E+0,13.6650E-9,806.1400E-9,-819.5557E-9
-52.0E+0,13.8150E-9,807.6900E-9,-821.3460E-9
-54.0E+0,14.0450E-9,809.0800E-9,-822.9252E-9
-56.0E+0,14.2900E-9,810.4800E-9,-824.5805E-9
-58.0E+0,14.5000E-9,811.8200E-9,-826.1635E-9
-60.0E+0,14.6900E-9,813.2800E-9,-827.7918E-9
-62.0E+0,14.8750E-9,814.6400E-9,-829.3001E-9
-64.0E+0,15.0350E-9,815.9800E-9,-830.7749E-9
-66.0E+0,15.2250E-9,817.4400E-9,-832.4128E-9
-68.0E+0,15.4000E-9,818.7800E-9,-834.0904E-9
-70.0E+0,15.5800E-9,820.2900E-9,-835.7388E-9
-72.0E+0,15.7700E-9,821.8900E-9,-837.5530E-9
-74.0E+0,15.9600E-9,823.7000E-9,-839.4269E-9
-76.0E+0,16.1500E-9,825.3800E-9,-841.4741E-9
-78.0E+0,16.3350E-9,827.4200E-9,-843.8389E-9
-80.0E+0,16.5500E-9,829.6900E-9,-846.2919E-9
-82.0E+0,16.7450E-9,831.9900E-9,-848.8842E-9
-84.0E+0,16.9450E-9,835.0500E-9,-852.1233E-9
-86.0E+0,17.1500E-9,838.0400E-9,-855.9953E-9
-88.0E+0,17.3550E-9,842.2300E-9,-859.6584E-9
-90.0E+0,17.5700E-9,846.6900E-9,-865.0521E-9
-92.0E+0,17.7850E-9,852.0400E-9,-870.6043E-9
-94.0E+0,17.9950E-9,857.6900E-9,-876.4352E-9
-96.0E+0,18.2150E-9,863.3900E-9,-884.6476E-9
-98.0E+0,18.4500E-9,872.7300E-9,-892.3042E-9
-100.0E+0,18.6700E-9,881.5000E-9,-903.0393E-9
-102.0E+0,18.9050E-9,889.5300E-9,-910.4082E-9
-104.0E+0,19.1400E-9,901.7800E-9,-925.0966E-9
-106.0E+0,19.3850E-9,910.0500E-9,-932.4642E-9
-108.0E+0,19.6300E-9,919.6800E-9,-942.4884E-9
-110.0E+0,19.8750E-9,927.3300E-9,-947.8688E-9
-112.0E+0,20.1300E-9,945.2900E-9,-969.3698E-9
-114.0E+0,20.4000E-9,962.4600E-9,-995.9241E-9
-116.0E+0,20.6650E-9,992.4400E-9,-1.0144E-6
-118.0E+0,20.9450E-9,1.0096E-6,-1.0498E-6
-120.0E+0,21.2300E-9,1.0314E-6,-1.0427E-6
-122.0E+0,21.5250E-9,1.0565E-6,-1.0776E-6
-124.0E+0,21.8250E-9,1.0760E-6,-1.0984E-6
-126.0E+0,22.1300E-9,1.0975E-6,-1.1376E-6
-128.0E+0,22.4150E-9,1.1305E-6,-1.1533E-6
-130.0E+0,22.7450E-9,1.1525E-6,-1.1785E-6
-132.0E+0,23.0750E-9,1.1815E-6,-1.2035E-6
-134.0E+0,23.4200E-9,1.2015E-6,-1.2283E-6
-136.0E+0,23.7700E-9,1.2265E-6,-1.2467E-6
-138.0E+0,24.1200E-9,1.2530E-6,-1.2928E-6
-140.0E+0,24.4900E-9,1.2750E-6,-1.3064E-6
-142.0E+0,24.8750E-9,1.2835E-6,-1.2968E-6
-144.0E+0,25.2650E-9,1.3055E-6,-1.3355E-6
-146.0E+0,25.6750E-9,1.3180E-6,-1.3534E-6
-148.0E+0,26.1000E-9,1.3420E-6,-1.3741E-6
-150.0E+0,26.5300E-9,1.3680E-6,-1.4005E-6
-152.0E+0,26.9750E-9,1.3975E-6,-1.4258E-6
-154.0E+0,27.4350E-9,1.4170E-6,-1.4579E-6
-156.0E+0,27.9150E-9,1.4565E-6,-1.4812E-6
-158.0E+0,28.4100E-9,1.4740E-6,-1.5139E-6
-160.0E+0,28.9200E-9,1.5085E-6,-1.5376E-6
-162.0E+0,29.4500E-9,1.5380E-6,-1.5631E-6
-164.0E+0,30.0040E-9,1.5765E-6,-1.6134E-6
-166.0E+0,30.5900E-9,1.6190E-6,-1.6473E-6
-168.0E+0,31.2160E-9,1.6520E-6,-1.6849E-6
-170.0E+0,31.8300E-9,1.6545E-6,-1.7249E-6
-172.0E+0,32.4710E-9,1.6975E-6,-1.7713E-6
-174.0E+0,33.1200E-9,1.7365E-6,-1.7954E-6
-176.0E+0,33.8240E-9,1.7790E-6,-1.8349E-6
-178.0E+0,34.5440E-9,1.8565E-6,-1.8907E-6
-180.0E+0,35.2990E-9,1.8705E-6,-1.9281E-6
-182.0E+0,36.0850E-9,1.9020E-6,-1.9507E-6
-184.0E+0,36.9000E-9,1.9425E-6,-1.9827E-6
-186.0E+0,37.7600E-9,1.9975E-6,-2.0188E-6
-188.0E+0,38.6550E-9,2.0205E-6,-2.1255E-6
-190.0E+0,39.6050E-9,2.0475E-6,-2.0846E-6
-192.0E+0,40.5850E-9,2.0715E-6,-2.1483E-6
-194.0E+0,41.6090E-9,2.1225E-6,-2.1415E-6
-196.0E+0,42.7040E-9,2.1504E-6,-2.2133E-6
-198.0E+0,43.8500E-9,2.1845E-6,-2.2734E-6
-200.0E+0,45.0600E-9,2.2260E-6,-2.3112E-6
-202.0E+0,46.3610E-9,2.2780E-6,-2.3388E-6
-204.0E+0,47.7160E-9,2.3079E-6,-2.3318E-6
-206.0E+0,49.1450E-9,2.3405E-6,-2.4140E-6
-208.0E+0,50.6840E-9,2.3894E-6,-2.4139E-6
-210.0E+0,52.2900E-9,2.4355E-6,-2.4834E-6
-212.0E+0,54.0090E-9,2.5055E-6,-2.5478E-6
-214.0E+0,55.8760E-9,2.5160E-6,-2.6166E-6
-216.0E+0,57.8350E-9,2.5929E-6,-2.6528E-6
-218.0E+0,59.9610E-9,2.5965E-6,-2.7109E-6
-220.0E+0,62.2600E-9,2.6550E-6,-2.7279E-6
-222.0E+0,64.7010E-9,2.7070E-6,-2.7802E-6
-224.0E+0,67.3720E-9,2.7240E-6,-2.8166E-6
-226.0E+0,70.2750E-9,2.8145E-6,-2.8579E-6
-228.0E+0,73.4210E-9,2.8025E-6,-2.8854E-6
-230.0E+0,76.8850E-9,2.8665E-6,-2.9621E-6
-232.0E+0,80.7010E-9,2.9299E-6,-3.0972E-6
-234.0E+0,84.8590E-9,2.9855E-6,-3.0445E-6
-236.0E+0,89.4500E-9,3.0009E-6,-3.1418E-6
-238.0E+0,94.7000E-9,3.0524E-6,-3.2019E-6
-240.0E+0,100.5300E-9,3.0809E-6,-3.2002E-6
-242.0E+0,107.4000E-9,3.0739E-6,-3.2222E-6
-244.0E+0,115.0500E-9,3.0700E-6,-3.2754E-6
-246.0E+0,123.7500E-9,3.1504E-6,-3.3003E-6
-248.0E+0,133.9000E-9,3.1950E-6,-3.4390E-6
-250.0E+0,146.0000E-9,3.3430E-6,-3.4900E-6
-252.0E+0,160.3000E-9,3.3090E-6,-3.5273E-6
-254.0E+0,177.8000E-9,3.3935E-6,-3.5345E-6
-256.0E+0,199.9000E-9,3.4484E-6,-3.6521E-6
-258.0E+0,227.9500E-9,3.5005E-6,-3.7514E-6
-260.0E+0,265.0500E-9,3.6110E-6,-3.8538E-6
-262.0E+0,317.0400E-9,3.7020E-6,-3.9710E-6
-264.0E+0,392.2500E-9,3.7920E-6,-4.1717E-6
-266.0E+0,508.7900E-9,3.9244E-6,-4.4668E-6
-268.0E+0,712.2300E-9,3.9635E-6,-4.6462E-6
-270.0E+0,1.1060E-6,4.0305E-6,-5.1487E-6
-272.0E+0,1.9710E-6,4.1351E-6,-6.0950E-6
-274.0E+0,4.2419E-6,4.2184E-6,-8.4768E-6
