Temperature: 120.0 Up
Humidity: 1.0
Date: 03/11/2023 1:38 PM
Sweep Voltage,pad,gr,V,,conc
0.0E+0,-38.5610E-9,66.0950E-9,-30.4689E-9
-2.0E+0,7.9140E-9,3.5730E-6,-3.5836E-6
-4.0E+0,8.6884E-9,3.5890E-6,-3.6005E-6
-6.0E+0,9.0194E-9,3.5970E-6,-3.6089E-6
-8.0E+0,9.3450E-9,3.6035E-6,-3.6155E-6
-10.0E+0,9.7348E-9,3.6084E-6,-3.6212E-6
-12.0E+0,10.2850E-9,3.6134E-6,-3.6267E-6
-14.0E+0,11.0950E-9,3.6184E-6,-3.6323E-6
-16.0E+0,12.3000E-9,3.6230E-6,-3.6381E-6
-18.0E+0,14.1050E-9,3.6280E-6,-3.6446E-6
-20.0E+0,16.9050E-9,3.6325E-6,-3.6522E-6
-22.0E+0,23.2950E-9,3.6375E-6,-3.6635E-6
-24.0E+0,28.5400E-9,3.6430E-6,-3.6735E-6
-26.0E+0,29.3150E-9,3.6469E-6,-3.6794E-6
-28.0E+0,29.9410E-9,3.6515E-6,-3.6847E-6
-30.0E+0,30.5240E-9,3.6570E-6,-3.6903E-6
-32.0E+0,31.0560E-9,3.6624E-6,-3.6961E-6
-34.0E+0,31.5600E-9,3.6670E-6,-3.7018E-6
-36.0E+0,32.0510E-9,3.6729E-6,-3.7076E-6
-38.0E+0,32.4910E-9,3.6785E-6,-3.7137E-6
-40.0E+0,32.8800E-9,3.6835E-6,-3.7197E-6
-42.0E+0,33.2460E-9,3.6900E-6,-3.7260E-6
-44.0E+0,33.5800E-9,3.6960E-6,-3.7326E-6
-46.0E+0,33.9240E-9,3.7025E-6,-3.7395E-6
-48.0E+0,34.2610E-9,3.7094E-6,-3.7464E-6
-50.0E+0,34.5840E-9,3.7160E-6,-3.7535E-6
-52.0E+0,34.9160E-9,3.7219E-6,-3.7605E-6
-54.0E+0,35.2500E-9,3.7290E-6,-3.7671E-6
-56.0E+0,35.5790E-9,3.7360E-6,-3.7741E-6
-58.0E+0,35.9050E-9,3.7419E-6,-3.7810E-6
-60.0E+0,36.2310E-9,3.7489E-6,-3.7880E-6
-62.0E+0,36.5710E-9,3.7554E-6,-3.7948E-6
-64.0E+0,36.9050E-9,3.7615E-6,-3.8016E-6
-66.0E+0,37.2460E-9,3.7680E-6,-3.8084E-6
-68.0E+0,37.5800E-9,3.7744E-6,-3.8150E-6
-70.0E+0,37.9200E-9,3.7805E-6,-3.8218E-6
-72.0E+0,38.2750E-9,3.7864E-6,-3.8279E-6
-74.0E+0,38.6240E-9,3.7925E-6,-3.8338E-6
-76.0E+0,38.9790E-9,3.7975E-6,-3.8395E-6
-78.0E+0,39.3360E-9,3.8029E-6,-3.8452E-6
-80.0E+0,39.6960E-9,3.8079E-6,-3.8506E-6
-82.0E+0,40.0600E-9,3.8129E-6,-3.8562E-6
-84.0E+0,40.4310E-9,3.8184E-6,-3.8615E-6
-86.0E+0,40.8110E-9,3.8235E-6,-3.8668E-6
-88.0E+0,41.1890E-9,3.8280E-6,-3.8721E-6
-90.0E+0,41.5750E-9,3.8329E-6,-3.8776E-6
-92.0E+0,41.9660E-9,3.8380E-6,-3.8828E-6
-94.0E+0,42.3700E-9,3.8429E-6,-3.8884E-6
-96.0E+0,42.7640E-9,3.8485E-6,-3.8941E-6
-98.0E+0,43.1790E-9,3.8533E-6,-3.8999E-6
-100.0E+0,43.5960E-9,3.8585E-6,-3.9054E-6
-102.0E+0,44.0110E-9,3.8641E-6,-3.9108E-6
-104.0E+0,44.4450E-9,3.8689E-6,-3.9165E-6
-106.0E+0,44.8800E-9,3.8741E-6,-3.9225E-6
-108.0E+0,45.3200E-9,3.8794E-6,-3.9277E-6
-110.0E+0,45.7800E-9,3.8850E-6,-3.9337E-6
-112.0E+0,46.2350E-9,3.8904E-6,-3.9399E-6
-114.0E+0,46.7010E-9,3.8964E-6,-3.9464E-6
-116.0E+0,47.1750E-9,3.9034E-6,-3.9537E-6
-118.0E+0,47.6560E-9,3.9109E-6,-3.9615E-6
-120.0E+0,48.1500E-9,3.9195E-6,-3.9708E-6
-122.0E+0,48.6600E-9,3.9300E-6,-3.9816E-6
-124.0E+0,49.1750E-9,3.9409E-6,-3.9931E-6
-126.0E+0,49.6860E-9,3.9530E-6,-4.0059E-6
-128.0E+0,50.2290E-9,3.9660E-6,-4.0193E-6
-130.0E+0,50.7700E-9,3.9784E-6,-4.0327E-6
-132.0E+0,51.3300E-9,3.9919E-6,-4.0460E-6
-134.0E+0,51.8960E-9,4.0045E-6,-4.0594E-6
-136.0E+0,52.4650E-9,4.0166E-6,-4.0726E-6
-138.0E+0,53.0540E-9,4.0294E-6,-4.0856E-6
-140.0E+0,53.6550E-9,4.0415E-6,-4.0979E-6
-142.0E+0,54.2810E-9,4.0524E-6,-4.1101E-6
-144.0E+0,54.9010E-9,4.0634E-6,-4.1220E-6
-146.0E+0,55.5390E-9,4.0750E-6,-4.1336E-6
-148.0E+0,56.2100E-9,4.0855E-6,-4.1447E-6
-150.0E+0,56.8740E-9,4.0955E-6,-4.1556E-6
-152.0E+0,57.5750E-9,4.1050E-6,-4.1663E-6
-154.0E+0,58.2750E-9,4.1151E-6,-4.1762E-6
-156.0E+0,58.9840E-9,4.1239E-6,-4.1860E-6
-158.0E+0,59.7360E-9,4.1330E-6,-4.1959E-6
-160.0E+0,60.4890E-9,4.1421E-6,-4.2054E-6
-162.0E+0,61.2630E-9,4.1509E-6,-4.2154E-6
-164.0E+0,62.0640E-9,4.1600E-6,-4.2256E-6
-166.0E+0,62.8790E-9,4.1700E-6,-4.2361E-6
-168.0E+0,63.7260E-9,4.1796E-6,-4.2463E-6
-170.0E+0,64.5810E-9,4.1879E-6,-4.2560E-6
-172.0E+0,65.4650E-9,4.1965E-6,-4.2654E-6
-174.0E+0,66.3750E-9,4.2054E-6,-4.2747E-6
-176.0E+0,67.3130E-9,4.2135E-6,-4.2837E-6
-178.0E+0,68.2700E-9,4.2210E-6,-4.2924E-6
-180.0E+0,69.2490E-9,4.2284E-6,-4.3012E-6
-182.0E+0,70.2710E-9,4.2359E-6,-4.3096E-6
-184.0E+0,71.3260E-9,4.2436E-6,-4.3178E-6
-186.0E+0,72.3990E-9,4.2499E-6,-4.3258E-6
-188.0E+0,73.5200E-9,4.2569E-6,-4.3340E-6
-190.0E+0,74.6590E-9,4.2641E-6,-4.3420E-6
-192.0E+0,75.8300E-9,4.2704E-6,-4.3496E-6
-194.0E+0,77.0450E-9,4.2769E-6,-4.3574E-6
-196.0E+0,78.3040E-9,4.2834E-6,-4.3649E-6
-198.0E+0,79.6130E-9,4.2899E-6,-4.3726E-6
-200.0E+0,80.9560E-9,4.2955E-6,-4.3801E-6
-202.0E+0,82.3380E-9,4.3020E-6,-4.3874E-6
-204.0E+0,83.7750E-9,4.3074E-6,-4.3949E-6
-206.0E+0,85.2700E-9,4.3139E-6,-4.4022E-6
-208.0E+0,86.8340E-9,4.3199E-6,-4.4094E-6
-210.0E+0,88.4210E-9,4.3255E-6,-4.4168E-6
-212.0E+0,90.0690E-9,4.3304E-6,-4.4239E-6
-214.0E+0,91.8000E-9,4.3355E-6,-4.4314E-6
-216.0E+0,93.5790E-9,4.3414E-6,-4.4386E-6
-218.0E+0,95.4460E-9,4.3474E-6,-4.4458E-6
-220.0E+0,97.3810E-9,4.3525E-6,-4.4531E-6
-222.0E+0,99.4000E-9,4.3574E-6,-4.4603E-6
-224.0E+0,101.5000E-9,4.3630E-6,-4.4677E-6
-226.0E+0,103.7000E-9,4.3679E-6,-4.4751E-6
-228.0E+0,106.0000E-9,4.3730E-6,-4.4826E-6
-230.0E+0,108.4000E-9,4.3784E-6,-4.4905E-6
-232.0E+0,110.9000E-9,4.3840E-6,-4.4981E-6
-234.0E+0,113.5000E-9,4.3889E-6,-4.5060E-6
-236.0E+0,116.3000E-9,4.3940E-6,-4.5140E-6
-238.0E+0,119.2000E-9,4.3996E-6,-4.5222E-6
-240.0E+0,122.2500E-9,4.4049E-6,-4.5304E-6
-242.0E+0,125.4400E-9,4.4101E-6,-4.5389E-6
-244.0E+0,128.8000E-9,4.4149E-6,-4.5478E-6
-246.0E+0,132.4000E-9,4.4205E-6,-4.5566E-6
-248.0E+0,136.1500E-9,4.4263E-6,-4.5655E-6
-250.0E+0,140.1500E-9,4.4315E-6,-4.5749E-6
-252.0E+0,144.4000E-9,4.4371E-6,-4.5848E-6
-254.0E+0,148.9000E-9,4.4424E-6,-4.5948E-6
-256.0E+0,153.7500E-9,4.4475E-6,-4.6052E-6
-258.0E+0,158.8500E-9,4.4534E-6,-4.6161E-6
-260.0E+0,164.3000E-9,4.4594E-6,-4.6270E-6
-262.0E+0,170.2500E-9,4.4655E-6,-4.6392E-6
-264.0E+0,176.5400E-9,4.4711E-6,-4.6511E-6
-266.0E+0,183.3500E-9,4.4769E-6,-4.6639E-6
-268.0E+0,190.7500E-9,4.4834E-6,-4.6774E-6
-270.0E+0,198.7000E-9,4.4899E-6,-4.6918E-6
-272.0E+0,207.3900E-9,4.4960E-6,-4.7067E-6
-274.0E+0,217.0000E-9,4.5025E-6,-4.7230E-6
-276.0E+0,227.4000E-9,4.5090E-6,-4.7401E-6
-278.0E+0,238.9000E-9,4.5160E-6,-4.7584E-6
-280.0E+0,251.7500E-9,4.5230E-6,-4.7785E-6
-282.0E+0,265.9500E-9,4.5300E-6,-4.8001E-6
-284.0E+0,281.8000E-9,4.5386E-6,-4.8239E-6
-286.0E+0,299.9400E-9,4.5474E-6,-4.8507E-6
-288.0E+0,320.3900E-9,4.5584E-6,-4.8829E-6
-290.0E+0,343.7900E-9,4.5788E-6,-4.9262E-6
-292.0E+0,371.1900E-9,4.6464E-6,-5.0196E-6
-294.0E+0,402.9400E-9,4.9630E-6,-5.3425E-6
-296.0E+0,440.6500E-9,5.7465E-6,-6.2446E-6
-298.0E+0,486.5300E-9,7.3505E-6,-7.6976E-6
