Temperature: 60 C
Humidity: 0 %
Date: 2024-11-25 15:06:42.687733
voltage,pad,gr,totalCurrent
0.005216829,-9.144222E-09,+9.305823E-09,-1.002501e-09
-1.989735,-4.720773E-09,-4.300527E-09,-9.275009e-09
-3.981539,-5.061921E-09,-4.350480E-09,-1.020932e-08
-5.998323,-5.433118E-09,-4.409802E-09,-1.008168e-08
-7.989186,-6.039350E-09,-4.458176E-09,-1.076578e-08
-9.984239,-6.571792E-09,-4.487204E-09,-1.144031e-08
-12.00034,-7.661266E-09,-4.503193E-09,-1.260326e-08
-13.98608,-9.188602E-09,-4.504393E-09,-1.403803e-08
-15.98953,-1.189307E-08,-4.505119E-09,-1.677749e-08
-17.99843,-1.630470E-08,-4.509852E-09,-2.088584e-08
-19.99288,-2.454669E-08,-4.531281E-09,-2.895228e-08
-21.98836,-3.157453E-08,-4.551060E-09,-3.612283e-08
-23.99881,-3.237904E-08,-4.604981E-09,-3.725191e-08
-25.99545,-3.301772E-08,-4.639649E-09,-3.767495e-08
-27.98697,-3.366524E-08,-4.701800E-09,-3.849373e-08
-30.00257,-3.435316E-08,-4.753405E-09,-3.930594e-08
-31.99097,-3.503656E-08,-4.794024E-09,-3.998748e-08
-33.98895,-3.578912E-08,-4.839028E-09,-4.067773e-08
-36.0007,-3.658037E-08,-4.865334E-09,-4.163862e-08
-37.99455,-3.741136E-08,-4.886539E-09,-4.261105e-08
-39.99379,-3.832385E-08,-4.911457E-09,-4.350084e-08
-42.00031,-3.926758E-08,-4.913960E-09,-4.412787e-08
-43.99777,-4.023703E-08,-4.923096E-09,-4.545583e-08
-45.99136,-4.124658E-08,-4.916654E-09,-4.638229e-08
-48.00456,-4.228828E-08,-4.919634E-09,-4.737395e-08
-49.99509,-4.333198E-08,-4.921430E-09,-4.820002e-08
-51.98814,-4.439649E-08,-4.925924E-09,-4.949757e-08
-54.00623,-4.548379E-08,-4.935993E-09,-5.030347e-08
-55.99736,-4.656750E-08,-4.953527E-09,-5.179964e-08
-57.9934,-4.771023E-08,-4.984825E-09,-5.257614e-08
-60.0039,-4.883339E-08,-4.999210E-09,-5.382125e-08
-61.99837,-4.999100E-08,-5.017316E-09,-5.534499e-08
-63.99123,-5.115313E-08,-5.028113E-09,-5.651028e-08
-66.00452,-5.238656E-08,-5.026364E-09,-5.76722e-08
-67.99915,-5.358135E-08,-5.032704E-09,-5.895691e-08
-69.99121,-5.483740E-08,-5.030717E-09,-5.982729e-08
-72.00804,-5.611900E-08,-5.027474E-09,-6.14833e-08
-73.99937,-5.741204E-08,-5.025570E-09,-6.248484e-08
-75.99615,-5.877729E-08,-5.025683E-09,-6.379268e-08
-77.9883,-6.016628E-08,-5.029011E-09,-6.507727e-08
-80.00008,-6.162868E-08,-5.027526E-09,-6.664003e-08
-81.99953,-6.308822E-08,-5.028141E-09,-6.827761e-08
-83.98946,-6.463321E-08,-5.019155E-09,-6.998357e-08
-86.00211,-6.620224E-08,-5.019550E-09,-7.143812e-08
-87.99821,-6.788725E-08,-5.019727E-09,-7.310013e-08
-89.99184,-6.958263E-08,-5.017111E-09,-7.491257e-08
-92.00215,-7.136383E-08,-5.017537E-09,-7.633626e-08
-93.99889,-7.323484E-08,-5.021609E-09,-7.829513e-08
-95.99419,-7.515398E-08,-5.012892E-09,-8.052289e-08
-98.00298,-7.717131E-08,-5.018492E-09,-8.219752e-08
-100.0009,-7.925076E-08,-5.008307E-09,-8.438624e-08
-101.9925,-8.143179E-08,-5.019818E-09,-8.667676e-08
-104.0055,-8.376050E-08,-5.009153E-09,-8.882793e-08
-105.9967,-8.617823E-08,-5.015383E-09,-9.125928e-08
-107.9917,-8.868756E-08,-5.015382E-09,-9.390174e-08
-110.0061,-9.136432E-08,-5.006159E-09,-9.681426e-08
-112.0002,-9.414209E-08,-5.016835E-09,-9.956312e-08
-113.9966,-9.708685E-08,-5.006801E-09,-1.022932e-07
-116.0062,-1.002221E-07,-5.006410E-09,-1.052421e-07
-118.0039,-1.034831E-07,-5.006281E-09,-1.088888e-07
-119.9954,-1.069436E-07,-5.003965E-09,-1.119928e-07
-122.0088,-1.106775E-07,-5.005236E-09,-1.158887e-07
-124.0049,-1.145734E-07,-5.003308E-09,-1.197264e-07
-125.9947,-1.187413E-07,-5.005810E-09,-1.238056e-07
-128.0112,-1.232256E-07,-5.010498E-09,-1.284852e-07
-130.0034,-1.279982E-07,-5.008774E-09,-1.330529e-07
-132.0003,-1.331045E-07,-5.009195E-09,-1.384643e-07
-134.0076,-1.386667E-07,-5.017048E-09,-1.439405e-07
-136.0049,-1.445725E-07,-5.010255E-09,-1.498525e-07
-138.002,-1.510067E-07,-5.017529E-09,-1.563708e-07
-140.0099,-1.580600E-07,-5.009845E-09,-1.633218e-07
-142.0082,-1.656669E-07,-5.019700E-09,-1.707051e-07
-143.9974,-1.739924E-07,-5.020317E-09,-1.791545e-07
-146.0159,-1.832725E-07,-5.028768E-09,-1.886973e-07
-148.0126,-1.934080E-07,-5.030087E-09,-1.987752e-07
-150.005,-2.046484E-07,-5.032032E-09,-2.100325e-07
-152.0189,-2.173096E-07,-5.036435E-09,-2.225127e-07
-154.0135,-2.314560E-07,-5.034879E-09,-2.368019e-07
-156.0079,-2.475317E-07,-5.043180E-09,-2.527402e-07
-158.0191,-2.660774E-07,-5.042620E-09,-2.71534e-07
-160.0163,-2.872620E-07,-5.045389E-09,-2.924468e-07
-162.0118,-3.120858E-07,-5.050570E-09,-3.172041e-07
-164.0218,-3.416082E-07,-5.063485E-09,-3.467436e-07
-166.0205,-3.769944E-07,-5.072336E-09,-3.821813e-07
-168.0117,-4.201562E-07,-5.071468E-09,-4.255355e-07
-170.0264,-4.750676E-07,-5.080335E-09,-4.803385e-07
-172.0205,-5.450778E-07,-5.087121E-09,-5.505801e-07
-174.0185,-6.390520E-07,-5.096111E-09,-6.443053e-07
-176.0339,-7.727818E-07,-5.102678E-09,-7.78635e-07
-178.0319,-9.731853E-07,-5.120381E-09,-9.80244e-07
-178.5392,-1.308084E-06,-5.132012E-09,-1.313104e-06
-182.0178,-1.984856E-06,-5.145470E-09,-1.989616e-06
-184.0209,-3.876684E-06,-5.159882E-09,-3.751977e-06
-185.5585,-9.990448E-06,-5.183092E-09,-9.997946e-06
-185.5632,-9.990661E-06,-5.180194E-09,-9.997967e-06
-185.5591,-9.990469E-06,-5.164535E-09,-9.997943e-06
