Temperature: 21 C
Humidity: 13 %
Date: 2024-12-10 13:50:36.291111
voltage,pad,gr,totalCurrent
0.00450816,-9.795542E-07,+5.236355E-07,9.060282e-09
-1.989511,+6.790959E-09,-5.415282E-11,-3.260019e-09
-3.983772,+3.849305E-09,-2.005165E-11,-2.169662e-09
-5.998807,+2.098196E-09,-6.095801E-12,1.01288e-09
-7.98967,-6.475724E-09,-1.934415E-11,-1.49897e-10
-9.983814,-1.695140E-09,-1.710796E-11,-9.026327e-10
-12.0002,+6.030470E-09,+4.455648E-11,5.087193e-11
-13.98559,+2.055891E-09,-2.631346E-11,3.069708e-09
-15.98992,-3.144200E-10,-3.588191E-11,2.842493e-09
-17.99755,+1.018084E-09,-8.008113E-12,-3.235556e-10
-19.9932,+1.816210E-10,-4.724206E-11,-3.92871e-09
-21.988,-9.176337E-10,-4.578113E-11,-9.525681e-10
-23.99997,-9.404751E-10,-5.205445E-11,-1.336306e-09
-25.99455,-1.012368E-09,+7.462943E-11,-1.20219e-09
-27.98763,-9.992184E-10,+1.029075E-10,-7.890545e-10
-30.00171,-1.095914E-09,-6.842223E-11,-9.703824e-10
-31.99235,-1.148206E-09,-2.936523E-10,-1.219761e-09
-33.99017,-1.122465E-09,-1.324208E-10,-1.007301e-09
-36.00104,-1.176662E-09,+6.806257E-12,-1.255142e-09
-37.9922,-1.268800E-09,-8.708252E-11,-5.159718e-10
-39.99216,-1.261329E-09,-9.133898E-11,-1.665905e-09
-42.00063,-1.264612E-09,-1.061010E-10,-1.292018e-09
-43.99665,-1.278201E-09,-1.730079E-10,-1.602607e-09
-45.99048,-1.483037E-09,-1.094641E-10,-1.542579e-09
-48.00388,-1.493046E-09,-1.816494E-10,-1.722371e-09
-49.9942,-1.516993E-09,-4.819539E-11,-1.637654e-09
-51.9917,-1.510343E-09,-1.042164E-10,-2.570525e-09
-54.00727,-1.564299E-09,-2.207814E-10,-1.58806e-09
-55.99619,-1.942999E-09,-9.462381E-11,-1.873421e-09
-57.99323,-1.046361E-09,-1.151229E-10,-2.340504e-09
-60.00111,-1.712819E-09,-1.438742E-10,-2.185697e-09
-61.99663,-1.878496E-09,-1.165126E-10,-1.046847e-09
-63.99159,-1.760578E-09,-1.379937E-10,-2.059895e-09
-66.00459,-1.922500E-09,-1.121941E-10,-2.332238e-09
-67.99803,-2.025700E-09,+1.355266E-10,-2.039055e-09
-69.99032,-1.987690E-09,-1.196964E-10,-1.998131e-09
-72.0078,-2.607013E-09,-2.283882E-10,-2.686821e-09
-73.99902,-2.691990E-09,-1.467537E-10,-2.217176e-09
-75.99605,-2.081915E-09,-1.450951E-10,-5.259669e-10
-77.98674,-2.780204E-09,-4.982753E-11,-2.228049e-09
-79.99929,-2.892923E-09,+1.741669E-11,-2.408803e-09
-81.99735,-2.471072E-09,-1.151907E-10,-3.158209e-09
-83.98866,-2.523622E-09,-1.180517E-10,-2.794373e-09
-86.00111,-2.637678E-09,-1.130246E-10,-2.949024e-09
-87.99629,-2.646871E-09,+2.067812E-12,-2.778674e-09
-89.99207,-2.890084E-09,-1.799751E-10,-3.029289e-09
-92.00214,-2.933107E-09,-1.265348E-10,-2.571275e-09
-93.99743,-3.029868E-09,-1.430486E-10,-2.953088e-09
-95.99387,-3.318047E-09,-1.089473E-10,-3.514336e-09
-98.00217,-3.617253E-09,-1.948946E-10,-3.491336e-09
-99.99964,-3.414472E-09,-7.874878E-11,-2.478827e-09
-101.9924,-3.509951E-09,+9.683108E-12,-4.016497e-09
-104.0049,-3.883573E-09,-1.395088E-10,-2.361831e-09
-105.9966,-3.601471E-09,-4.176016E-10,-3.231851e-09
-107.9914,-4.147113E-09,-1.433000E-10,-3.910443e-09
-110.0055,-4.185191E-09,-5.069122E-11,-7.22348e-09
-111.9992,-4.798876E-09,-8.656693E-11,-5.116307e-09
-113.9957,-4.326554E-09,-6.766441E-10,-4.278564e-09
-116.0046,-4.774992E-09,-2.676706E-10,-4.141036e-09
-118.0022,-4.493442E-09,-1.493426E-10,-5.387006e-09
-119.9925,-5.338820E-09,-3.884982E-11,-5.510957e-09
-122.005,-5.420260E-09,-9.574486E-11,-6.525182e-09
-124.0023,-5.756208E-09,-1.362550E-10,-9.868699e-09
-125.9929,-5.956378E-09,+9.119228E-12,-7.107588e-09
-128.0065,-6.596503E-09,-5.421092E-10,-6.933154e-09
-130.0018,-6.913786E-09,-1.222899E-10,-7.167748e-09
-131.9959,-7.777708E-09,-6.462759E-11,-9.157874e-09
-134.0043,-8.193759E-09,+9.820821E-11,-7.321449e-09
-136.0011,-8.892337E-09,-1.534062E-10,-7.323835e-09
-137.9979,-9.349442E-09,-1.596403E-10,-9.837962e-09
-140.0047,-1.012245E-08,-1.603927E-10,-1.069253e-08
-142.0015,-1.079473E-08,-6.188718E-11,-1.086551e-08
-143.9942,-1.203239E-08,-2.146794E-10,-1.265063e-08
-146.0113,-1.317811E-08,-9.502942E-11,-1.107228e-08
-148.0096,-1.508186E-08,-1.607073E-10,-1.517157e-08
-150.0014,-1.723628E-08,-1.343415E-10,-1.727654e-08
-152.0143,-2.036758E-08,-6.114061E-11,-1.977006e-08
-154.0074,-2.325771E-08,-2.128393E-10,-2.338718e-08
-156.005,-2.840852E-08,-1.438757E-10,-2.879216e-08
-158.0141,-3.569245E-08,-1.511952E-10,-4.106878e-08
-160.0109,-4.790760E-08,-1.043280E-10,-4.930025e-08
-162.0054,-7.251801E-08,-1.729394E-10,-7.561519e-08
-164.0192,-1.507056E-07,-3.245843E-10,-1.541674e-07
-166.0329,-8.577043E-07,+2.746554E-11,-8.265628e-07
-167.3432,-8.385186E-06,-1.424595E-10,-8.248454e-06
-167.2882,-9.993808E-06,-1.899377E-10,-9.96884e-06
