Temperature: 21 C
Humidity: 36 %
Date: 2024-12-10 14:00:09.914702
voltage,pad,gr,totalCurrent
0.005978666,-6.110589E-08,+7.004069E-09,4.351525e-09
-1.99605,-5.103089E-09,-2.025036E-11,-2.192023e-09
-3.978418,+1.869842E-09,-9.876779E-12,-6.026272e-10
-5.998641,-6.317447E-09,+5.739835E-11,-1.003739e-09
-7.99051,+3.995805E-09,-1.334155E-10,1.647281e-08
-9.989888,+7.518282E-10,-9.880448E-11,-2.992556e-10
-12.00608,-3.362999E-09,-2.061214E-11,3.459638e-09
-13.98885,+2.639867E-11,-2.439083E-11,-5.357709e-09
-15.98838,-2.827022E-09,-3.414763E-11,9.745581e-09
-17.99685,+1.563633E-09,-2.682916E-11,-1.024363e-10
-19.99092,+6.580883E-10,+8.799943E-12,-2.259959e-08
-21.98579,-1.096985E-09,-2.281319E-10,-1.189074e-09
-23.99916,-9.084622E-10,-2.528483E-10,-1.152651e-09
-25.9942,-1.294675E-09,+4.321058E-11,-1.013337e-09
-27.98713,-1.173701E-09,-6.228101E-11,-1.416622e-09
-30.00145,-8.337613E-10,-3.064150E-10,-2.152882e-09
-31.99113,-8.045797E-10,-4.319512E-10,-9.948352e-10
-33.98865,-1.420852E-09,-3.324406E-10,-1.744199e-09
-35.99972,-1.152994E-09,-1.669403E-10,-4.125371e-10
-37.99199,-1.220033E-09,-7.971238E-11,5.389281e-10
-39.98942,-1.877073E-09,-1.386622E-10,-1.387025e-09
-42.0009,-1.550466E-09,-3.013237E-11,-1.117167e-09
-43.99694,-4.305401E-10,-1.265922E-10,-2.428539e-09
-45.9907,-9.538231E-10,+1.562558E-10,-1.385393e-09
-48.00115,-1.560361E-09,-4.308901E-11,-3.614152e-10
-49.99416,-1.570927E-09,-1.860668E-10,-1.656804e-09
-51.9876,-1.529370E-09,-2.798621E-10,-3.592629e-09
-54.00599,-1.365192E-09,-1.956100E-10,-1.737763e-09
-55.99696,-1.563066E-09,+1.423737E-10,-2.148775e-09
-57.99258,-1.773759E-09,-2.158047E-10,-2.55202e-09
-60.00084,-1.719209E-09,-1.495457E-10,-1.779438e-09
-61.99765,-1.979766E-09,-1.265153E-10,-1.871478e-09
-63.98961,-1.857836E-09,-5.300662E-11,-1.623293e-09
-66.00327,-1.880373E-09,-1.317158E-10,-2.730082e-09
-67.99683,-1.874924E-09,-1.462931E-10,-1.911876e-09
-69.98954,-2.086912E-09,-1.067144E-10,-2.420472e-09
-72.00592,-2.882984E-09,-1.346940E-10,-1.676302e-09
-73.99624,-2.089056E-09,-2.124131E-10,-2.283232e-09
-75.99574,-2.335418E-09,-6.696593E-11,-2.210688e-09
-77.98597,-2.055386E-09,-9.551630E-11,-2.478827e-09
-79.99866,-2.433171E-09,-7.365621E-11,-3.043742e-09
-81.9977,-2.490753E-09,+1.850756E-12,-9.998801e-10
-83.98958,-2.002088E-09,-1.248465E-10,-2.878683e-09
-86.00011,-2.756537E-09,-2.590703E-10,-3.344248e-09
-87.99395,-2.743338E-09,+5.246817E-11,-3.084707e-09
-89.99268,-3.162418E-09,-3.284524E-11,-3.103121e-09
-92.00195,-2.968936E-09,-1.049676E-10,-3.276975e-09
-93.99842,-3.413797E-09,-1.639530E-10,-3.309644e-09
-95.99165,-3.269527E-09,-1.371301E-10,-3.133061e-09
-98.00175,-3.323995E-09,-1.639862E-10,-2.441203e-09
-99.99966,-3.410364E-09,-1.168377E-10,-4.068268e-09
-101.9911,-3.739598E-09,-1.501361E-10,-2.388744e-09
-104.0059,-3.589945E-09,-9.561969E-11,-4.830264e-09
-105.9974,-3.797529E-09,-1.664338E-10,-3.547852e-09
-107.9905,-3.918827E-09,-8.713313E-11,-3.939193e-09
-110.0048,-3.954078E-09,+1.148778E-10,-4.704663e-09
-111.9998,-4.376044E-09,-1.996553E-10,-3.690116e-09
-113.9941,-4.624240E-09,-1.381696E-10,-5.235317e-09
-116.0049,-5.057703E-09,-1.487211E-10,-3.992443e-09
-118.0026,-5.093014E-09,-1.544156E-10,-5.067377e-09
-119.9934,-5.747443E-09,-7.307156E-11,-7.165748e-09
-122.0056,-5.561763E-09,-1.512112E-10,-4.024025e-09
-124.0023,-6.111202E-09,-2.937813E-10,-5.870977e-09
-125.9927,-6.625266E-09,-1.383131E-10,-6.419517e-09
-128.007,-6.780981E-09,-1.263109E-10,-6.680524e-09
-130.0008,-7.142859E-09,+1.091414E-10,-7.329784e-09
-131.9961,-7.867263E-09,-1.601893E-10,-8.670325e-09
-134.0055,-8.143019E-09,-2.357654E-10,-8.192408e-09
-136.0024,-8.974669E-09,-9.346735E-11,-9.374784e-09
-137.9977,-9.479976E-09,-1.199641E-10,-9.753665e-09
-140.0062,-1.038972E-08,-2.031169E-10,-8.703131e-09
-142.0022,-1.107890E-08,-1.800694E-10,-1.129867e-08
-143.9928,-1.223292E-08,-1.821321E-10,-1.276867e-08
-146.0129,-1.362143E-08,-1.243504E-10,-1.246599e-08
-148.0088,-1.530923E-08,-8.797844E-11,-1.557525e-08
-150.0005,-1.738974E-08,-1.491611E-10,-1.806705e-08
-152.0147,-1.989603E-08,-1.528352E-10,-1.997724e-08
-154.0073,-2.408686E-08,-1.921795E-10,-2.458332e-08
-156.0043,-2.863336E-08,-1.436343E-10,-2.910037e-08
-158.0141,-3.571369E-08,-6.011382E-11,-3.799893e-08
-160.0113,-5.028675E-08,-9.752756E-12,-4.833654e-08
-162.0069,-7.694293E-08,-1.360001E-10,-7.837637e-08
-164.0171,-1.541038E-07,-1.557616E-10,-1.483404e-07
-166.0306,-7.800634E-07,+2.268229E-11,-8.064681e-07
-166.1607,-2.063489E-06,+4.142138E-11,-8.64704e-06
-167.1099,-9.111185E-06,-1.925471E-10,-9.34977e-06
