Temperature: 20.0 Down
Humidity: 11.0
Date: 30/10/2023 1:13 PM
Sweep Voltage,pad,gr,V,,conc
0.0E+0,-70.5480E-9,999.9800E-15,-910.1085E-12
-2.0E+0,36.3990E-12,950.0200E-15,-385.7183E-9
-4.0E+0,81.4500E-12,950.0200E-15,-385.9267E-9
-6.0E+0,72.9510E-12,800.0000E-15,-386.0520E-9
-8.0E+0,66.5000E-12,750.0100E-15,-386.1416E-9
-10.0E+0,63.4510E-12,1.1000E-12,-386.2632E-9
-12.0E+0,60.5990E-12,750.0100E-15,-386.3610E-9
-14.0E+0,58.1490E-12,1.0500E-12,-386.4535E-9
-16.0E+0,56.5500E-12,900.0000E-15,-386.5418E-9
-18.0E+0,58.2500E-12,999.9800E-15,-386.6340E-9
-20.0E+0,63.5510E-12,849.9800E-15,-386.7619E-9
-22.0E+0,64.1520E-12,849.9800E-15,-386.3391E-9
-24.0E+0,76.1990E-12,900.0000E-15,-387.0602E-9
-26.0E+0,78.2980E-12,950.0200E-15,-387.0471E-9
-28.0E+0,80.0000E-12,800.0000E-15,-387.2913E-9
-30.0E+0,81.8010E-12,800.0000E-15,-387.2536E-9
-32.0E+0,83.5000E-12,800.0000E-15,-387.5056E-9
-34.0E+0,85.3010E-12,999.9800E-15,-387.6293E-9
-36.0E+0,86.8990E-12,849.9800E-15,-387.7915E-9
-38.0E+0,89.3010E-12,900.0000E-15,-388.0163E-9
-40.0E+0,89.6490E-12,950.0200E-15,-388.1147E-9
-42.0E+0,92.7010E-12,900.0000E-15,-388.5092E-9
-44.0E+0,93.6990E-12,950.0200E-15,-388.2880E-9
-46.0E+0,96.3500E-12,849.9800E-15,-388.7629E-9
-48.0E+0,96.9500E-12,900.0000E-15,-388.8868E-9
-50.0E+0,99.1990E-12,950.0200E-15,-389.2247E-9
-52.0E+0,100.8500E-12,800.0000E-15,-389.6613E-9
-54.0E+0,103.7500E-12,849.9800E-15,-389.7264E-9
-56.0E+0,106.5500E-12,800.0000E-15,-389.9700E-9
-58.0E+0,108.8000E-12,900.0000E-15,-390.2940E-9
-60.0E+0,111.4000E-12,900.0000E-15,-390.3980E-9
-62.0E+0,113.1500E-12,900.0000E-15,-390.7336E-9
-64.0E+0,115.5000E-12,849.9800E-15,-391.0263E-9
-66.0E+0,117.5000E-12,999.9800E-15,-391.2197E-9
-68.0E+0,119.4000E-12,1.0500E-12,-391.3310E-9
-70.0E+0,121.9500E-12,849.9800E-15,-391.7137E-9
-72.0E+0,124.8500E-12,1.0500E-12,-391.7074E-9
-74.0E+0,127.2500E-12,950.0200E-15,-392.0414E-9
-76.0E+0,129.9000E-12,900.0000E-15,-392.1343E-9
-78.0E+0,132.8000E-12,1.0500E-12,-392.3376E-9
-80.0E+0,134.5500E-12,999.9800E-15,-392.5698E-9
-82.0E+0,136.6500E-12,999.9800E-15,-392.6517E-9
-84.0E+0,141.0500E-12,999.9800E-15,-392.7886E-9
-86.0E+0,143.8000E-12,849.9800E-15,-393.1437E-9
-88.0E+0,145.6500E-12,950.0200E-15,-393.3177E-9
-90.0E+0,148.5500E-12,999.9800E-15,-393.4794E-9
-92.0E+0,152.7000E-12,800.0000E-15,-393.6350E-9
-94.0E+0,156.2000E-12,1.0500E-12,-393.5090E-9
-96.0E+0,160.9500E-12,849.9800E-15,-393.9252E-9
-98.0E+0,164.8000E-12,750.0100E-15,-394.0452E-9
-100.0E+0,166.5500E-12,900.0000E-15,-394.1130E-9
-102.0E+0,170.3000E-12,800.0000E-15,-394.3033E-9
-104.0E+0,174.2000E-12,849.9800E-15,-394.5588E-9
-106.0E+0,179.5500E-12,849.9800E-15,-394.5839E-9
-108.0E+0,184.8000E-12,900.0000E-15,-394.7942E-9
-110.0E+0,189.4000E-12,900.0000E-15,-395.0312E-9
-112.0E+0,194.9500E-12,849.9800E-15,-395.0378E-9
-114.0E+0,200.1500E-12,950.0200E-15,-395.3021E-9
-116.0E+0,206.2000E-12,950.0200E-15,-395.5124E-9
-118.0E+0,211.4500E-12,950.0200E-15,-395.5846E-9
-120.0E+0,217.8500E-12,999.9800E-15,-395.8652E-9
-122.0E+0,223.3500E-12,900.0000E-15,-396.1494E-9
-124.0E+0,230.3500E-12,900.0000E-15,-396.3473E-9
-126.0E+0,237.0500E-12,849.9800E-15,-396.8702E-9
-128.0E+0,244.3000E-12,950.0200E-15,-397.3306E-9
-130.0E+0,251.9400E-12,950.0200E-15,-397.5653E-9
-132.0E+0,260.9000E-12,999.9800E-15,-398.2545E-9
-134.0E+0,269.0000E-12,900.0000E-15,-398.6127E-9
-136.0E+0,278.6500E-12,950.0200E-15,-399.2085E-9
-138.0E+0,287.8000E-12,800.0000E-15,-399.6163E-9
-140.0E+0,299.7500E-12,999.9800E-15,-400.2468E-9
-142.0E+0,310.0900E-12,950.0200E-15,-400.6677E-9
-144.0E+0,323.5500E-12,750.0100E-15,-401.3273E-9
-146.0E+0,337.1500E-12,849.9800E-15,-401.7332E-9
-148.0E+0,351.8500E-12,900.0000E-15,-401.9427E-9
-150.0E+0,369.7900E-12,950.0200E-15,-402.6818E-9
-152.0E+0,385.7000E-12,800.0000E-15,-403.0332E-9
-154.0E+0,406.0000E-12,800.0000E-15,-403.6368E-9
-156.0E+0,426.5500E-12,849.9800E-15,-403.9793E-9
-158.0E+0,448.6500E-12,950.0200E-15,-404.4059E-9
-160.0E+0,474.3600E-12,800.0000E-15,-404.9058E-9
-162.0E+0,502.4400E-12,950.0200E-15,-405.3321E-9
-164.0E+0,535.7500E-12,900.0000E-15,-405.7014E-9
-166.0E+0,571.1000E-12,849.9800E-15,-406.1262E-9
-168.0E+0,612.8600E-12,999.9800E-15,-406.6871E-9
-170.0E+0,661.4600E-12,950.0200E-15,-407.0478E-9
-172.0E+0,716.7900E-12,900.0000E-15,-407.7650E-9
-174.0E+0,781.0600E-12,950.0200E-15,-408.2488E-9
-176.0E+0,858.0000E-12,800.0000E-15,-408.7957E-9
-178.0E+0,953.4900E-12,849.9800E-15,-409.2087E-9
-180.0E+0,1.0700E-9,849.9800E-15,-409.8756E-9
-182.0E+0,1.2185E-9,750.0100E-15,-410.3066E-9
-184.0E+0,1.4105E-9,900.0000E-15,-411.0451E-9
-186.0E+0,1.6649E-9,950.0200E-15,-411.6446E-9
-188.0E+0,2.0290E-9,750.0100E-15,-412.2720E-9
-190.0E+0,2.5575E-9,999.9800E-15,-413.1616E-9
-192.0E+0,3.3884E-9,999.9800E-15,-414.5179E-9
-194.0E+0,4.8074E-9,950.0200E-15,-416.3821E-9
-196.0E+0,7.4965E-9,900.0000E-15,-419.5049E-9
-198.0E+0,13.2250E-9,800.0000E-15,-425.6273E-9
-200.0E+0,27.9750E-9,900.0000E-15,-440.7780E-9
-202.0E+0,78.1000E-9,900.0000E-15,-491.1341E-9
-204.0E+0,367.3500E-9,849.9800E-15,-781.3583E-9
