Temperature: 21.0 Room
Humidity: 6.0
Date: 26/10/2023 10:09 AM
Sweep Voltage,pad,gr,V,,conc
0.0E+0,1.4845E-9,50.0000E-15,-1.4533E-9
-2.0E+0,377.3500E-9,-49.9980E-15,-377.6728E-9
-4.0E+0,374.0000E-9,100.0000E-15,-377.8213E-9
-6.0E+0,276.0900E-9,50.0000E-15,-377.9123E-9
-8.0E+0,265.6900E-9,100.0000E-15,-377.9703E-9
-10.0E+0,291.6900E-9,0.0000E+0,-378.0806E-9
-12.0E+0,173.6500E-9,0.0000E+0,-378.3612E-9
-14.0E+0,57.9980E-12,-100.0000E-15,-378.4280E-9
-16.0E+0,37.0000E-12,0.0000E+0,-378.5546E-9
-18.0E+0,39.4990E-12,50.0000E-15,-378.6552E-9
-20.0E+0,70.4500E-12,50.0000E-15,-378.7601E-9
-22.0E+0,66.5000E-12,150.0000E-15,-378.7651E-9
-24.0E+0,78.4970E-12,50.0000E-15,-378.9399E-9
-26.0E+0,83.5000E-12,-100.0000E-15,-378.9685E-9
-28.0E+0,91.4970E-12,-49.9980E-15,-379.2115E-9
-30.0E+0,82.4980E-12,50.0000E-15,-377.9871E-9
-32.0E+0,96.2000E-12,100.0000E-15,-379.5931E-9
-34.0E+0,92.4990E-12,100.0000E-15,-379.7604E-9
-36.0E+0,91.8480E-12,100.0000E-15,-377.7887E-9
-38.0E+0,99.2980E-12,100.0000E-15,-379.4614E-9
-40.0E+0,99.4510E-12,100.0000E-15,-379.6366E-9
-42.0E+0,104.0000E-12,100.0000E-15,-379.6459E-9
-44.0E+0,101.9500E-12,50.0000E-15,-380.6675E-9
-46.0E+0,103.5500E-12,50.0000E-15,-380.7205E-9
-48.0E+0,106.8500E-12,50.0000E-15,-380.4428E-9
-50.0E+0,110.7500E-12,150.0000E-15,-380.2037E-9
-52.0E+0,111.9000E-12,0.0000E+0,-380.0593E-9
-54.0E+0,112.4500E-12,100.0000E-15,-380.4084E-9
-56.0E+0,114.9500E-12,100.0000E-15,-380.7398E-9
-58.0E+0,115.3500E-12,100.0000E-15,-382.3870E-9
-60.0E+0,118.1500E-12,50.0000E-15,-380.6335E-9
-62.0E+0,119.1000E-12,100.0000E-15,-382.4728E-9
-64.0E+0,120.8000E-12,50.0000E-15,-382.3291E-9
-66.0E+0,121.1500E-12,100.0000E-15,-382.7612E-9
-68.0E+0,127.2000E-12,50.0000E-15,-383.1565E-9
-70.0E+0,128.9500E-12,100.0000E-15,-383.6284E-9
-72.0E+0,130.3000E-12,50.0000E-15,-383.4826E-9
-74.0E+0,134.6500E-12,0.0000E+0,-382.9342E-9
-76.0E+0,135.9000E-12,100.0000E-15,-383.3360E-9
-78.0E+0,137.5500E-12,150.0000E-15,-383.8319E-9
-80.0E+0,141.3000E-12,100.0000E-15,-384.2057E-9
-82.0E+0,147.1000E-12,50.0000E-15,-384.3008E-9
-84.0E+0,148.6500E-12,100.0000E-15,-384.1263E-9
-86.0E+0,149.7500E-12,50.0000E-15,-384.5433E-9
-88.0E+0,156.3000E-12,50.0000E-15,-384.9402E-9
-90.0E+0,160.5000E-12,50.0000E-15,-384.9640E-9
-92.0E+0,160.9000E-12,50.0000E-15,-385.1173E-9
-94.0E+0,165.9500E-12,50.0000E-15,-385.6114E-9
-96.0E+0,167.5000E-12,50.0000E-15,-385.4136E-9
-98.0E+0,173.1500E-12,50.0000E-15,-385.7330E-9
-100.0E+0,178.0000E-12,50.0000E-15,-385.9055E-9
-102.0E+0,182.8000E-12,50.0000E-15,-386.3088E-9
-104.0E+0,188.2000E-12,100.0000E-15,-386.1292E-9
-106.0E+0,189.7500E-12,50.0000E-15,-386.3914E-9
-108.0E+0,196.2500E-12,50.0000E-15,-386.3344E-9
-110.0E+0,199.3000E-12,50.0000E-15,-386.8303E-9
-112.0E+0,206.3500E-12,150.0000E-15,-386.5634E-9
-114.0E+0,209.9000E-12,100.0000E-15,-386.5721E-9
-116.0E+0,216.5500E-12,150.0000E-15,-387.2481E-9
-118.0E+0,222.2000E-12,200.0000E-15,-387.4717E-9
-120.0E+0,226.7500E-12,100.0000E-15,-387.8351E-9
-122.0E+0,235.5000E-12,150.0000E-15,-387.7386E-9
-124.0E+0,243.9400E-12,150.0000E-15,-388.0703E-9
-126.0E+0,251.6500E-12,150.0000E-15,-388.1147E-9
-128.0E+0,258.4000E-12,150.0000E-15,-388.5459E-9
-130.0E+0,264.1900E-12,100.0000E-15,-388.6535E-9
-132.0E+0,274.2000E-12,100.0000E-15,-389.4135E-9
-134.0E+0,283.3900E-12,100.0000E-15,-389.6370E-9
-136.0E+0,293.0000E-12,150.0000E-15,-390.2192E-9
-138.0E+0,303.9000E-12,50.0000E-15,-390.8708E-9
-140.0E+0,315.9900E-12,50.0000E-15,-391.4177E-9
-142.0E+0,327.0100E-12,50.0000E-15,-391.9620E-9
-144.0E+0,341.6400E-12,100.0000E-15,-392.4106E-9
-146.0E+0,353.2500E-12,50.0000E-15,-393.0872E-9
-148.0E+0,368.4400E-12,100.0000E-15,-393.5200E-9
-150.0E+0,385.1400E-12,50.0000E-15,-393.9318E-9
-152.0E+0,404.1400E-12,100.0000E-15,-394.4301E-9
-154.0E+0,422.6000E-12,0.0000E+0,-394.8193E-9
-156.0E+0,444.1500E-12,50.0000E-15,-395.4055E-9
-158.0E+0,466.4600E-12,100.0000E-15,-396.2195E-9
-160.0E+0,494.5900E-12,200.0000E-15,-396.4493E-9
-162.0E+0,521.7100E-12,150.0000E-15,-396.6672E-9
-164.0E+0,555.1000E-12,100.0000E-15,-397.2160E-9
-166.0E+0,591.2000E-12,100.0000E-15,-397.9243E-9
-168.0E+0,631.7000E-12,50.0000E-15,-398.2814E-9
-170.0E+0,680.3900E-12,150.0000E-15,-398.6389E-9
-172.0E+0,735.6100E-12,150.0000E-15,-399.3167E-9
-174.0E+0,799.3900E-12,200.0000E-15,-399.9770E-9
-176.0E+0,874.4800E-12,150.0000E-15,-400.3757E-9
-178.0E+0,962.9800E-12,150.0000E-15,-401.1094E-9
-180.0E+0,1.0750E-9,100.0000E-15,-401.7765E-9
-182.0E+0,1.2170E-9,50.0000E-15,-402.0991E-9
-184.0E+0,1.3945E-9,100.0000E-15,-402.7624E-9
-186.0E+0,1.6325E-9,200.0000E-15,-403.5134E-9
-188.0E+0,1.9550E-9,200.0000E-15,-404.1905E-9
-190.0E+0,2.4179E-9,100.0000E-15,-404.9813E-9
-192.0E+0,3.1145E-9,50.0000E-15,-406.3152E-9
-194.0E+0,4.2685E-9,50.0000E-15,-407.7154E-9
-196.0E+0,6.3353E-9,100.0000E-15,-410.1627E-9
-198.0E+0,10.4300E-9,150.0000E-15,-414.3752E-9
-200.0E+0,20.0350E-9,150.0000E-15,-424.1468E-9
-202.0E+0,48.1100E-9,150.0000E-15,-452.3871E-9
-204.0E+0,163.2000E-9,100.0000E-15,-569.7196E-9
-206.0E+0,1.7010E-6,50.0000E-15,-2.1142E-6
