Temperature: 100.0 Down
Humidity: 1.0
Date: 26/10/2023 2:50 PM
Sweep Voltage,pad,gr,V,,conc
0.0E+0,200.0500E-9,1.1500E-12,-1.5875E-9
-2.0E+0,3.7714E-9,1.1500E-12,-2.3924E-6
-4.0E+0,2.2775E-9,1.1500E-12,-2.3994E-6
-6.0E+0,2.4199E-9,1.1000E-12,-2.4033E-6
-8.0E+0,2.5690E-9,1.0500E-12,-2.4065E-6
-10.0E+0,2.7485E-9,1.1000E-12,-2.4092E-6
-12.0E+0,2.9919E-9,1.1000E-12,-2.4119E-6
-14.0E+0,3.3414E-9,1.2000E-12,-2.4144E-6
-16.0E+0,3.8504E-9,1.1500E-12,-2.4170E-6
-18.0E+0,4.6004E-9,1.2000E-12,-2.4198E-6
-20.0E+0,5.7728E-9,1.1500E-12,-2.4230E-6
-22.0E+0,8.0672E-9,1.1500E-12,-2.4274E-6
-24.0E+0,9.9394E-9,1.1500E-12,-2.4316E-6
-26.0E+0,10.2270E-9,1.2000E-12,-2.4338E-6
-28.0E+0,10.4350E-9,1.1500E-12,-2.4362E-6
-30.0E+0,10.6250E-9,1.1500E-12,-2.4387E-6
-32.0E+0,10.7950E-9,1.1500E-12,-2.4414E-6
-34.0E+0,10.9600E-9,1.1500E-12,-2.4438E-6
-36.0E+0,11.1150E-9,1.1500E-12,-2.4467E-6
-38.0E+0,11.2750E-9,1.0500E-12,-2.4495E-6
-40.0E+0,11.4150E-9,1.2000E-12,-2.4525E-6
-42.0E+0,11.5500E-9,1.0500E-12,-2.4557E-6
-44.0E+0,11.6750E-9,1.2000E-12,-2.4588E-6
-46.0E+0,11.8000E-9,1.2000E-12,-2.4626E-6
-48.0E+0,11.9200E-9,1.1500E-12,-2.4669E-6
-50.0E+0,12.0450E-9,1.2000E-12,-2.4711E-6
-52.0E+0,12.1650E-9,1.2000E-12,-2.4756E-6
-54.0E+0,12.2850E-9,1.1500E-12,-2.4799E-6
-56.0E+0,12.4050E-9,1.1500E-12,-2.4842E-6
-58.0E+0,12.5350E-9,1.1500E-12,-2.4885E-6
-60.0E+0,12.6550E-9,1.1000E-12,-2.4922E-6
-62.0E+0,12.7800E-9,1.1500E-12,-2.4961E-6
-64.0E+0,12.9000E-9,1.1500E-12,-2.4998E-6
-66.0E+0,13.0250E-9,1.1000E-12,-2.5032E-6
-68.0E+0,13.1550E-9,1.1500E-12,-2.5068E-6
-70.0E+0,13.2800E-9,1.1500E-12,-2.5100E-6
-72.0E+0,13.4150E-9,1.2000E-12,-2.5135E-6
-74.0E+0,13.5450E-9,1.2000E-12,-2.5168E-6
-76.0E+0,13.6800E-9,1.2000E-12,-2.5200E-6
-78.0E+0,13.8100E-9,1.2000E-12,-2.5235E-6
-80.0E+0,13.9500E-9,1.2000E-12,-2.5267E-6
-82.0E+0,14.0900E-9,1.1500E-12,-2.5298E-6
-84.0E+0,14.2300E-9,1.1500E-12,-2.5326E-6
-86.0E+0,14.3750E-9,1.1500E-12,-2.5358E-6
-88.0E+0,14.5200E-9,1.1500E-12,-2.5385E-6
-90.0E+0,14.6700E-9,1.2000E-12,-2.5411E-6
-92.0E+0,14.8200E-9,1.2000E-12,-2.5438E-6
-94.0E+0,14.9750E-9,1.1500E-12,-2.5462E-6
-96.0E+0,15.1300E-9,1.2000E-12,-2.5489E-6
-98.0E+0,15.2850E-9,1.1500E-12,-2.5515E-6
-100.0E+0,15.4450E-9,1.1500E-12,-2.5541E-6
-102.0E+0,15.6100E-9,1.2000E-12,-2.5568E-6
-104.0E+0,15.7800E-9,1.2000E-12,-2.5596E-6
-106.0E+0,15.9500E-9,1.1500E-12,-2.5624E-6
-108.0E+0,16.1200E-9,1.0500E-12,-2.5652E-6
-110.0E+0,16.3000E-9,1.1500E-12,-2.5685E-6
-112.0E+0,16.4800E-9,1.1500E-12,-2.5723E-6
-114.0E+0,16.6600E-9,1.2000E-12,-2.5766E-6
-116.0E+0,16.8500E-9,1.2000E-12,-2.5819E-6
-118.0E+0,17.0400E-9,1.1500E-12,-2.5884E-6
-120.0E+0,17.2300E-9,1.1000E-12,-2.5954E-6
-122.0E+0,17.4350E-9,1.2000E-12,-2.6032E-6
-124.0E+0,17.6350E-9,1.1000E-12,-2.6110E-6
-126.0E+0,17.8400E-9,1.1000E-12,-2.6189E-6
-128.0E+0,18.0600E-9,1.1500E-12,-2.6270E-6
-130.0E+0,18.2700E-9,1.1500E-12,-2.6349E-6
-132.0E+0,18.4900E-9,1.1000E-12,-2.6423E-6
-134.0E+0,18.7200E-9,1.2000E-12,-2.6499E-6
-136.0E+0,18.9500E-9,1.1500E-12,-2.6568E-6
-138.0E+0,19.1850E-9,1.2000E-12,-2.6640E-6
-140.0E+0,19.4350E-9,1.1500E-12,-2.6707E-6
-142.0E+0,19.6800E-9,1.1500E-12,-2.6772E-6
-144.0E+0,19.9400E-9,1.1500E-12,-2.6837E-6
-146.0E+0,20.2100E-9,1.2000E-12,-2.6899E-6
-148.0E+0,20.4750E-9,1.2000E-12,-2.6959E-6
-150.0E+0,20.7500E-9,1.1000E-12,-2.7017E-6
-152.0E+0,21.0400E-9,1.1500E-12,-2.7075E-6
-154.0E+0,21.3350E-9,1.2000E-12,-2.7131E-6
-156.0E+0,21.6300E-9,1.2000E-12,-2.7187E-6
-158.0E+0,21.9400E-9,1.1500E-12,-2.7250E-6
-160.0E+0,22.2550E-9,1.1500E-12,-2.7312E-6
-162.0E+0,22.5850E-9,1.1500E-12,-2.7373E-6
-164.0E+0,22.9250E-9,1.1500E-12,-2.7431E-6
-166.0E+0,23.2650E-9,1.1500E-12,-2.7485E-6
-168.0E+0,23.6300E-9,1.1000E-12,-2.7538E-6
-170.0E+0,24.0000E-9,1.1500E-12,-2.7590E-6
-172.0E+0,24.3800E-9,1.1500E-12,-2.7639E-6
-174.0E+0,24.7750E-9,1.1500E-12,-2.7686E-6
-176.0E+0,25.1850E-9,1.1500E-12,-2.7734E-6
-178.0E+0,25.6100E-9,1.1000E-12,-2.7778E-6
-180.0E+0,26.0400E-9,1.1500E-12,-2.7821E-6
-182.0E+0,26.5000E-9,1.1000E-12,-2.7864E-6
-184.0E+0,26.9650E-9,1.1500E-12,-2.7905E-6
-186.0E+0,27.4400E-9,1.1000E-12,-2.7947E-6
-188.0E+0,27.9500E-9,1.1500E-12,-2.7988E-6
-190.0E+0,28.4700E-9,1.1500E-12,-2.8027E-6
-192.0E+0,29.0100E-9,1.1500E-12,-2.8067E-6
-194.0E+0,29.5650E-9,1.1000E-12,-2.8103E-6
-196.0E+0,30.1610E-9,1.1000E-12,-2.8141E-6
-198.0E+0,30.7700E-9,1.1500E-12,-2.8179E-6
-200.0E+0,31.4050E-9,1.1500E-12,-2.8216E-6
-202.0E+0,32.0800E-9,1.1500E-12,-2.8252E-6
-204.0E+0,32.7650E-9,1.1500E-12,-2.8288E-6
-206.0E+0,33.4750E-9,1.0500E-12,-2.8325E-6
-208.0E+0,34.2410E-9,1.1000E-12,-2.8361E-6
-210.0E+0,35.0350E-9,1.1500E-12,-2.8397E-6
-212.0E+0,35.8590E-9,1.1500E-12,-2.8435E-6
-214.0E+0,36.7340E-9,1.1500E-12,-2.8470E-6
-216.0E+0,37.6460E-9,1.1000E-12,-2.8506E-6
-218.0E+0,38.6150E-9,1.1500E-12,-2.8543E-6
-220.0E+0,39.6160E-9,1.1500E-12,-2.8582E-6
-222.0E+0,40.6910E-9,1.0500E-12,-2.8621E-6
-224.0E+0,41.8150E-9,1.0500E-12,-2.8658E-6
-226.0E+0,43.0100E-9,1.1500E-12,-2.8698E-6
-228.0E+0,44.2740E-9,1.1500E-12,-2.8737E-6
-230.0E+0,45.6090E-9,1.1000E-12,-2.8777E-6
-232.0E+0,47.0410E-9,1.0500E-12,-2.8820E-6
-234.0E+0,48.5600E-9,1.1000E-12,-2.8862E-6
-236.0E+0,50.1750E-9,1.1000E-12,-2.8905E-6
-238.0E+0,51.9190E-9,1.1000E-12,-2.8951E-6
-240.0E+0,53.7860E-9,1.1000E-12,-2.8997E-6
-242.0E+0,55.7850E-9,1.0500E-12,-2.9043E-6
-244.0E+0,57.9460E-9,999.9800E-15,-2.9096E-6
-246.0E+0,60.2810E-9,1.1000E-12,-2.9145E-6
-248.0E+0,62.8060E-9,1.1000E-12,-2.9200E-6
-250.0E+0,65.6040E-9,1.1000E-12,-2.9256E-6
-252.0E+0,68.5900E-9,999.9800E-15,-2.9317E-6
-254.0E+0,71.9150E-9,1.0500E-12,-2.9380E-6
-256.0E+0,75.5790E-9,1.1000E-12,-2.9446E-6
-258.0E+0,79.6320E-9,1.1000E-12,-2.9516E-6
-260.0E+0,84.1350E-9,1.1000E-12,-2.9593E-6
-262.0E+0,89.2280E-9,1.0500E-12,-2.9674E-6
-264.0E+0,94.9510E-9,1.1500E-12,-2.9764E-6
-266.0E+0,101.4600E-9,1.0500E-12,-2.9862E-6
-268.0E+0,109.0500E-9,1.1000E-12,-2.9969E-6
-270.0E+0,117.7000E-9,1.0500E-12,-3.0092E-6
-272.0E+0,127.8500E-9,1.0500E-12,-3.0228E-6
-274.0E+0,140.0500E-9,1.1000E-12,-3.0384E-6
-276.0E+0,154.5500E-9,999.9800E-15,-3.0567E-6
-278.0E+0,172.5000E-9,1.1000E-12,-3.0782E-6
-280.0E+0,195.1000E-9,1.1000E-12,-3.1048E-6
-282.0E+0,224.1000E-9,1.1000E-12,-3.1377E-6
-284.0E+0,262.6500E-9,1.0500E-12,-3.1800E-6
-286.0E+0,316.5900E-9,1.0500E-12,-3.2382E-6
-288.0E+0,394.4400E-9,1.1000E-12,-3.3206E-6
-290.0E+0,514.2900E-9,1.0500E-12,-3.4446E-6
-292.0E+0,717.0900E-9,1.0500E-12,-3.6525E-6
-294.0E+0,1.0865E-6,1.1000E-12,-4.0270E-6
-296.0E+0,1.8600E-6,1.1000E-12,-4.8046E-6
-298.0E+0,3.7814E-6,1.0500E-12,-6.7314E-6
