Temperature: 60.0 Up
Humidity: 10.0
Date: 26/10/2023 11:54 AM
Sweep Voltage,pad,gr,V,,conc
0.0E+0,101.2500E-9,900.0000E-15,-254.5068E-12
-2.0E+0,264.7500E-12,900.0000E-15,-1.2542E-6
-4.0E+0,147.4000E-12,849.9800E-15,-1.2562E-6
-6.0E+0,151.4000E-12,699.9900E-15,-1.2575E-6
-8.0E+0,162.2500E-12,950.0200E-15,-1.2586E-6
-10.0E+0,175.3000E-12,800.0000E-15,-1.2595E-6
-12.0E+0,196.5000E-12,900.0000E-15,-1.2604E-6
-14.0E+0,225.6000E-12,900.0000E-15,-1.2612E-6
-16.0E+0,273.8000E-12,750.0100E-15,-1.2620E-6
-18.0E+0,354.0500E-12,800.0000E-15,-1.2627E-6
-20.0E+0,499.5100E-12,900.0000E-15,-1.2636E-6
-22.0E+0,743.4000E-12,900.0000E-15,-1.2645E-6
-24.0E+0,878.9400E-12,849.9800E-15,-1.2654E-6
-26.0E+0,900.5400E-12,750.0100E-15,-1.2662E-6
-28.0E+0,919.3800E-12,999.9800E-15,-1.2672E-6
-30.0E+0,935.5800E-12,800.0000E-15,-1.2680E-6
-32.0E+0,952.9800E-12,800.0000E-15,-1.2689E-6
-34.0E+0,971.4600E-12,900.0000E-15,-1.2699E-6
-36.0E+0,989.9900E-12,950.0200E-15,-1.2710E-6
-38.0E+0,1.0060E-9,900.0000E-15,-1.2720E-6
-40.0E+0,1.0225E-9,999.9800E-15,-1.2730E-6
-42.0E+0,1.0385E-9,900.0000E-15,-1.2742E-6
-44.0E+0,1.0520E-9,699.9900E-15,-1.2755E-6
-46.0E+0,1.0670E-9,699.9900E-15,-1.2771E-6
-48.0E+0,1.0820E-9,900.0000E-15,-1.2789E-6
-50.0E+0,1.0975E-9,800.0000E-15,-1.2807E-6
-52.0E+0,1.1109E-9,750.0100E-15,-1.2826E-6
-54.0E+0,1.1280E-9,950.0200E-15,-1.2844E-6
-56.0E+0,1.1420E-9,699.9900E-15,-1.2861E-6
-58.0E+0,1.1585E-9,950.0200E-15,-1.2879E-6
-60.0E+0,1.1755E-9,849.9800E-15,-1.2895E-6
-62.0E+0,1.1900E-9,699.9900E-15,-1.2909E-6
-64.0E+0,1.2065E-9,900.0000E-15,-1.2924E-6
-66.0E+0,1.2250E-9,849.9800E-15,-1.2939E-6
-68.0E+0,1.2395E-9,750.0100E-15,-1.2953E-6
-70.0E+0,1.2585E-9,950.0200E-15,-1.2966E-6
-72.0E+0,1.2760E-9,849.9800E-15,-1.2980E-6
-74.0E+0,1.2925E-9,900.0000E-15,-1.2993E-6
-76.0E+0,1.3130E-9,900.0000E-15,-1.3006E-6
-78.0E+0,1.3305E-9,849.9800E-15,-1.3021E-6
-80.0E+0,1.3505E-9,950.0200E-15,-1.3031E-6
-82.0E+0,1.3690E-9,750.0100E-15,-1.3044E-6
-84.0E+0,1.3895E-9,800.0000E-15,-1.3055E-6
-86.0E+0,1.4090E-9,750.0100E-15,-1.3068E-6
-88.0E+0,1.4310E-9,950.0200E-15,-1.3080E-6
-90.0E+0,1.4525E-9,900.0000E-15,-1.3090E-6
-92.0E+0,1.4725E-9,699.9900E-15,-1.3101E-6
-94.0E+0,1.4965E-9,950.0200E-15,-1.3113E-6
-96.0E+0,1.5185E-9,800.0000E-15,-1.3123E-6
-98.0E+0,1.5415E-9,900.0000E-15,-1.3134E-6
-100.0E+0,1.5665E-9,800.0000E-15,-1.3144E-6
-102.0E+0,1.5895E-9,750.0100E-15,-1.3156E-6
-104.0E+0,1.6155E-9,950.0200E-15,-1.3167E-6
-106.0E+0,1.6404E-9,699.9900E-15,-1.3178E-6
-108.0E+0,1.6670E-9,849.9800E-15,-1.3189E-6
-110.0E+0,1.6955E-9,950.0200E-15,-1.3199E-6
-112.0E+0,1.7225E-9,849.9800E-15,-1.3211E-6
-114.0E+0,1.7504E-9,750.0100E-15,-1.3225E-6
-116.0E+0,1.7799E-9,750.0100E-15,-1.3239E-6
-118.0E+0,1.8115E-9,900.0000E-15,-1.3256E-6
-120.0E+0,1.8434E-9,800.0000E-15,-1.3276E-6
-122.0E+0,1.8745E-9,800.0000E-15,-1.3300E-6
-124.0E+0,1.9095E-9,950.0200E-15,-1.3329E-6
-126.0E+0,1.9424E-9,800.0000E-15,-1.3360E-6
-128.0E+0,1.9775E-9,750.0100E-15,-1.3393E-6
-130.0E+0,2.0154E-9,950.0200E-15,-1.3427E-6
-132.0E+0,2.0534E-9,900.0000E-15,-1.3461E-6
-134.0E+0,2.0919E-9,750.0100E-15,-1.3497E-6
-136.0E+0,2.1320E-9,750.0100E-15,-1.3530E-6
-138.0E+0,2.1760E-9,900.0000E-15,-1.3562E-6
-140.0E+0,2.2185E-9,849.9800E-15,-1.3595E-6
-142.0E+0,2.2625E-9,750.0100E-15,-1.3627E-6
-144.0E+0,2.3105E-9,950.0200E-15,-1.3659E-6
-146.0E+0,2.3599E-9,800.0000E-15,-1.3689E-6
-148.0E+0,2.4089E-9,750.0100E-15,-1.3718E-6
-150.0E+0,2.4620E-9,900.0000E-15,-1.3747E-6
-152.0E+0,2.5184E-9,849.9800E-15,-1.3774E-6
-154.0E+0,2.5734E-9,750.0100E-15,-1.3803E-6
-156.0E+0,2.6339E-9,800.0000E-15,-1.3832E-6
-158.0E+0,2.6985E-9,950.0200E-15,-1.3859E-6
-160.0E+0,2.7615E-9,699.9900E-15,-1.3888E-6
-162.0E+0,2.8299E-9,800.0000E-15,-1.3915E-6
-164.0E+0,2.9034E-9,999.9800E-15,-1.3945E-6
-166.0E+0,2.9785E-9,950.0200E-15,-1.3977E-6
-168.0E+0,3.0569E-9,900.0000E-15,-1.4004E-6
-170.0E+0,3.1405E-9,849.9800E-15,-1.4033E-6
-172.0E+0,3.2285E-9,950.0200E-15,-1.4060E-6
-174.0E+0,3.3179E-9,800.0000E-15,-1.4086E-6
-176.0E+0,3.4164E-9,849.9800E-15,-1.4111E-6
-178.0E+0,3.5209E-9,800.0000E-15,-1.4136E-6
-180.0E+0,3.6289E-9,800.0000E-15,-1.4159E-6
-182.0E+0,3.7469E-9,900.0000E-15,-1.4182E-6
-184.0E+0,3.8699E-9,849.9800E-15,-1.4203E-6
-186.0E+0,4.0004E-9,750.0100E-15,-1.4225E-6
-188.0E+0,4.1425E-9,900.0000E-15,-1.4247E-6
-190.0E+0,4.2939E-9,900.0000E-15,-1.4267E-6
-192.0E+0,4.4549E-9,750.0100E-15,-1.4288E-6
-194.0E+0,4.6275E-9,750.0100E-15,-1.4307E-6
-196.0E+0,4.8174E-9,999.9800E-15,-1.4328E-6
-198.0E+0,5.0213E-9,950.0200E-15,-1.4346E-6
-200.0E+0,5.2403E-9,950.0200E-15,-1.4366E-6
-202.0E+0,5.4859E-9,849.9800E-15,-1.4386E-6
-204.0E+0,5.7473E-9,750.0100E-15,-1.4405E-6
-206.0E+0,6.0388E-9,900.0000E-15,-1.4423E-6
-208.0E+0,6.3633E-9,800.0000E-15,-1.4443E-6
-210.0E+0,6.7159E-9,800.0000E-15,-1.4462E-6
-212.0E+0,7.1147E-9,950.0200E-15,-1.4481E-6
-214.0E+0,7.5670E-9,950.0200E-15,-1.4501E-6
-216.0E+0,8.0718E-9,800.0000E-15,-1.4522E-6
-218.0E+0,8.6543E-9,900.0000E-15,-1.4543E-6
-220.0E+0,9.3287E-9,999.9800E-15,-1.4564E-6
-222.0E+0,10.1090E-9,849.9800E-15,-1.4586E-6
-224.0E+0,11.0150E-9,900.0000E-15,-1.4611E-6
-226.0E+0,12.1300E-9,849.9800E-15,-1.4635E-6
-228.0E+0,13.4550E-9,750.0100E-15,-1.4665E-6
-230.0E+0,15.1150E-9,849.9800E-15,-1.4696E-6
-232.0E+0,17.2400E-9,950.0200E-15,-1.4733E-6
-234.0E+0,20.0050E-9,800.0000E-15,-1.4774E-6
-236.0E+0,23.7350E-9,800.0000E-15,-1.4826E-6
-238.0E+0,29.0550E-9,900.0000E-15,-1.4894E-6
-240.0E+0,36.9850E-9,950.0200E-15,-1.4987E-6
-242.0E+0,49.5750E-9,750.0100E-15,-1.5130E-6
-244.0E+0,71.8790E-9,800.0000E-15,-1.5371E-6
-246.0E+0,114.8500E-9,849.9800E-15,-1.5813E-6
-248.0E+0,211.2400E-9,950.0200E-15,-1.6793E-6
-250.0E+0,478.5500E-9,750.0100E-15,-1.9498E-6
-252.0E+0,1.4680E-6,800.0000E-15,-2.9395E-6
