Temperature: 20.0 Ramp Down
Humidity: 10.0
Date: 2/10/2023 7:33 PM
Sweep Voltage,pad,gr,back,,conc
0.0E+0,-242.6400E-9,244.5900E-9,-352.1581E-12
-2.0E+0,-10.4850E-9,17.3350E-9,-6.6727E-9
-4.0E+0,-8.7106E-9,15.6000E-9,-6.7478E-9
-6.0E+0,-7.4037E-9,14.3550E-9,-6.8148E-9
-8.0E+0,-6.1934E-9,13.1700E-9,-6.8652E-9
-10.0E+0,-5.0888E-9,12.1100E-9,-6.9026E-9
-12.0E+0,-4.1139E-9,11.1700E-9,-6.9480E-9
-14.0E+0,-3.2850E-9,10.3550E-9,-6.9749E-9
-16.0E+0,-2.5600E-9,9.6142E-9,-7.0082E-9
-18.0E+0,-1.9130E-9,9.0362E-9,-7.0532E-9
-20.0E+0,-1.3965E-9,8.5656E-9,-7.1137E-9
-22.0E+0,-954.0000E-12,8.2059E-9,-7.1211E-9
-24.0E+0,-603.0000E-12,7.9185E-9,-7.3020E-9
-26.0E+0,-361.8900E-12,7.7061E-9,-7.1906E-9
-28.0E+0,-184.4500E-12,7.5679E-9,-7.2720E-9
-30.0E+0,-59.5500E-12,7.4738E-9,-7.4400E-9
-32.0E+0,27.3000E-12,7.4149E-9,-7.3418E-9
-34.0E+0,86.2490E-12,7.3812E-9,-7.2876E-9
-36.0E+0,125.3500E-12,7.3733E-9,-7.3845E-9
-38.0E+0,150.3000E-12,7.3894E-9,-7.4207E-9
-40.0E+0,166.4500E-12,7.3974E-9,-7.4085E-9
-42.0E+0,177.0500E-12,7.4244E-9,-7.3706E-9
-44.0E+0,184.2500E-12,7.4510E-9,-7.6555E-9
-46.0E+0,189.6500E-12,7.4715E-9,-7.6973E-9
-48.0E+0,194.3000E-12,7.5183E-9,-7.6907E-9
-50.0E+0,199.0500E-12,7.5365E-9,-7.6234E-9
-52.0E+0,202.8000E-12,7.5647E-9,-7.7223E-9
-54.0E+0,207.6000E-12,7.6084E-9,-7.6855E-9
-56.0E+0,212.1500E-12,7.6629E-9,-7.6672E-9
-58.0E+0,216.3500E-12,7.7048E-9,-7.9477E-9
-60.0E+0,221.0000E-12,7.7430E-9,-8.0081E-9
-62.0E+0,225.9500E-12,7.7962E-9,-7.9819E-9
-64.0E+0,230.6500E-12,7.8639E-9,-7.8985E-9
-66.0E+0,236.0000E-12,7.8999E-9,-8.0759E-9
-68.0E+0,241.2000E-12,7.9504E-9,-8.1254E-9
-70.0E+0,246.7000E-12,7.9926E-9,-8.2381E-9
-72.0E+0,252.2000E-12,8.0495E-9,-8.1821E-9
-74.0E+0,258.5000E-12,8.0813E-9,-8.2929E-9
-76.0E+0,264.4500E-12,8.1450E-9,-8.2939E-9
-78.0E+0,270.5500E-12,8.2136E-9,-8.4867E-9
-80.0E+0,277.0000E-12,8.2636E-9,-8.3300E-9
-82.0E+0,283.1900E-12,8.3278E-9,-8.5996E-9
-84.0E+0,290.5500E-12,8.3828E-9,-8.5547E-9
-86.0E+0,298.5000E-12,8.3996E-9,-8.5408E-9
-88.0E+0,305.0900E-12,8.4515E-9,-8.7534E-9
-90.0E+0,313.3500E-12,8.5033E-9,-8.6530E-9
-92.0E+0,322.2400E-12,8.5738E-9,-8.9382E-9
-94.0E+0,330.0500E-12,8.5970E-9,-8.9604E-9
-96.0E+0,339.7000E-12,8.7025E-9,-9.0046E-9
-98.0E+0,349.0500E-12,8.7871E-9,-9.0078E-9
-100.0E+0,359.1900E-12,8.8680E-9,-9.2351E-9
-102.0E+0,368.7400E-12,8.9535E-9,-9.1759E-9
-104.0E+0,380.2000E-12,9.0158E-9,-9.4064E-9
-106.0E+0,391.5500E-12,9.0735E-9,-9.4270E-9
-108.0E+0,404.5500E-12,9.1209E-9,-9.3891E-9
-110.0E+0,417.0400E-12,9.2373E-9,-9.3389E-9
-112.0E+0,431.2400E-12,9.1195E-9,-9.4217E-9
-114.0E+0,445.5500E-12,9.4296E-9,-9.7483E-9
-116.0E+0,461.5900E-12,9.5620E-9,-10.0410E-9
-118.0E+0,478.5400E-12,9.6584E-9,-9.9890E-9
-120.0E+0,496.6400E-12,9.7743E-9,-10.3361E-9
-122.0E+0,514.6000E-12,9.8462E-9,-10.1934E-9
-124.0E+0,534.8400E-12,9.9453E-9,-10.3864E-9
-126.0E+0,557.1500E-12,10.0420E-9,-10.7119E-9
-128.0E+0,580.4600E-12,10.2410E-9,-10.8702E-9
-130.0E+0,606.6600E-12,10.4050E-9,-10.9796E-9
-132.0E+0,633.3500E-12,10.4400E-9,-10.8842E-9
-134.0E+0,664.1000E-12,10.6500E-9,-11.2112E-9
-136.0E+0,697.0400E-12,10.4050E-9,-10.9478E-9
-138.0E+0,733.4500E-12,10.8150E-9,-11.4870E-9
-140.0E+0,773.1600E-12,11.0050E-9,-11.7358E-9
-142.0E+0,817.6100E-12,11.1800E-9,-11.8799E-9
-144.0E+0,866.5500E-12,11.2850E-9,-12.0131E-9
-146.0E+0,921.9400E-12,11.2550E-9,-12.0729E-9
-148.0E+0,988.9600E-12,11.3350E-9,-12.3005E-9
-150.0E+0,1.0600E-9,11.6200E-9,-12.6835E-9
-152.0E+0,1.1429E-9,11.8250E-9,-12.8931E-9
-154.0E+0,1.2380E-9,11.8500E-9,-12.7708E-9
-156.0E+0,1.3505E-9,11.9800E-9,-13.1664E-9
-158.0E+0,1.4865E-9,11.6950E-9,-13.1921E-9
-160.0E+0,1.6490E-9,11.8450E-9,-13.4010E-9
-162.0E+0,1.8509E-9,12.4500E-9,-14.1127E-9
-164.0E+0,2.1090E-9,12.4250E-9,-14.4740E-9
-166.0E+0,2.4464E-9,12.7100E-9,-14.9502E-9
-168.0E+0,2.9049E-9,12.6000E-9,-15.5464E-9
-170.0E+0,3.5790E-9,12.4700E-9,-16.2754E-9
-172.0E+0,4.5900E-9,12.9150E-9,-17.2692E-9
-174.0E+0,6.2714E-9,13.0750E-9,-19.0502E-9
-176.0E+0,9.4955E-9,13.1750E-9,-22.3580E-9
-178.0E+0,16.6000E-9,13.4450E-9,-29.8089E-9
-180.0E+0,36.2450E-9,13.5550E-9,-49.6046E-9
-182.0E+0,123.9000E-9,13.5750E-9,-137.2280E-9
-184.0E+0,6.5114E-6,13.6050E-9,-6.3686E-6
