Temperature: 21 C
Humidity: 4 %
Date: 2024-12-10 11:01:31.457471
voltage,pad,gr,totalCurrent
0.004071131,-7.149832E-07,+1.088025E-06,1.87373e-08
-1.991943,+1.887213E-09,+5.076728E-11,-8.822363e-09
-3.981553,-2.065919E-10,-1.768790E-10,1.648307e-10
-5.995306,+3.799849E-09,-6.013089E-12,-1.373412e-09
-7.990144,-3.966880E-09,-9.225557E-12,-3.645118e-09
-9.982383,-1.398730E-09,-2.045953E-10,2.607764e-09
-11.99795,+8.944612E-10,+1.384976E-12,-1.654054e-08
-13.99084,-4.946150E-09,-2.003935E-11,7.813657e-11
-15.99504,+5.137657E-09,-2.012659E-11,8.884768e-10
-17.99947,-1.917129E-09,+8.411410E-11,-3.878894e-10
-19.98382,-1.015030E-09,+2.260511E-11,-9.466252e-10
-21.98582,-8.930568E-10,-3.119512E-11,1.24302e-09
-23.99737,-9.209598E-10,+9.967868E-11,-9.079701e-10
-25.99338,-1.693505E-09,+4.892789E-11,-1.302801e-09
-27.9868,-1.794337E-09,+2.657550E-10,1.086605e-09
-30.00326,-3.930575E-10,+4.603597E-11,-3.285586e-09
-31.99287,-1.304565E-09,-4.013133E-10,-1.327642e-09
-33.98716,-1.110561E-09,-9.294839E-11,-1.302101e-09
-36.00145,-9.382857E-10,-7.860632E-11,-1.079849e-09
-37.99137,-1.107893E-10,-1.429686E-10,-2.336286e-09
-39.99255,-1.055218E-09,+3.035158E-10,-2.364936e-09
-42.00404,-9.122945E-10,-1.224245E-10,7.67041e-10
-43.99718,-1.818912E-09,-7.534717E-11,-4.994865e-10
-45.98872,-1.078806E-09,+3.051699E-10,-1.213818e-09
-48.00403,-1.434781E-09,-1.574244E-10,-1.396429e-09
-49.99492,-1.496753E-09,-8.087504E-11,-6.985328e-10
-51.98929,-1.377990E-09,-1.746947E-10,-1.843267e-09
-54.00473,-1.542998E-09,+6.171073E-11,-1.628681e-09
-55.98897,-1.193670E-09,-1.037233E-10,1.967016e-09
-57.99103,-1.670489E-09,-8.896801E-11,-1.58281e-09
-60.00402,-1.922235E-09,-8.000663E-11,-1.278301e-09
-61.9972,-1.971319E-09,-1.345845E-10,-1.146803e-09
-63.98912,-1.951125E-09,-1.757435E-10,-2.091118e-09
-66.00402,-1.856593E-09,-1.742394E-10,-2.208456e-09
-67.99638,-1.952841E-09,-2.167595E-10,-5.794509e-11
-69.98923,-2.579357E-09,+3.297114E-11,-2.458131e-09
-72.00655,-2.143477E-09,-1.740223E-10,1.354559e-09
-73.99693,-2.156768E-09,-2.609763E-10,-4.421852e-09
-75.99595,-2.341115E-09,-2.570135E-10,-2.579369e-09
-77.98601,-2.524855E-09,-2.722857E-10,-2.718846e-09
-79.9987,-2.240285E-09,+1.061505E-11,-2.540581e-09
-81.99791,-2.143890E-09,+3.116840E-11,-5.846292e-09
-83.98851,-3.043426E-09,+2.199906E-11,-4.200055e-09
-85.99869,-2.597742E-09,-1.193582E-10,-1.880136e-09
-87.99414,-3.383085E-09,-1.587436E-10,-1.974218e-09
-89.98893,-2.921987E-09,-1.307886E-10,-3.279008e-09
-91.99895,-2.760069E-09,-1.647033E-10,-4.521981e-09
-93.9976,-2.730818E-09,-6.572991E-11,-1.590822e-09
-95.99257,-3.457874E-09,-1.754926E-10,-3.209728e-09
-98.00197,-3.295221E-09,-1.776407E-10,-3.044458e-09
-100.0006,-3.413446E-09,-1.209538E-10,-5.386591e-09
-101.9912,-3.688140E-09,-3.837022E-11,1.276967e-09
-104.0037,-4.164840E-09,-1.421251E-10,-3.723077e-09
-105.9961,-3.689941E-09,+2.060037E-10,-3.704065e-09
-107.9897,-4.215100E-09,-1.351675E-10,-6.090529e-09
-110.0053,-4.583157E-09,+4.142903E-12,-4.535339e-09
-111.9985,-6.183626E-09,+9.990369E-11,-4.836238e-09
-113.9944,-4.717251E-09,-1.049611E-10,-5.173568e-09
-116.0036,-4.846414E-09,-1.174221E-10,-5.452824e-09
-118.0009,-4.975077E-09,-1.301348E-10,-5.528503e-09
-119.9906,-5.443474E-09,-3.062809E-10,-6.595564e-09
-122.0069,-5.616437E-09,-3.723359E-10,-6.544709e-09
-124.0032,-5.963324E-09,+1.239636E-11,-6.162003e-09
-125.9909,-6.106171E-09,+1.656434E-10,-9.970831e-09
-128.0056,-6.815891E-09,-7.814235E-11,-6.723907e-09
-130.0001,-6.994771E-09,+4.557446E-11,-2.591241e-09
-131.9957,-8.119563E-09,-3.428199E-11,-7.435921e-09
-134.0045,-7.862210E-09,+1.169262E-10,-9.72398e-09
-136.0019,-8.353001E-09,-5.565770E-11,-8.652623e-09
-137.9952,-9.474820E-09,-1.211301E-10,-9.606372e-09
-140.0041,-1.004922E-08,+2.038191E-10,-1.044429e-08
-142.0043,-1.102917E-08,-8.925639E-11,-1.126789e-08
-143.9928,-1.235308E-08,-2.983087E-10,-1.208304e-08
-146.0097,-1.345829E-08,+4.061869E-10,-1.183622e-08
-148.0084,-1.504392E-08,-7.612538E-11,-1.742572e-08
-150.001,-1.653356E-08,-1.274443E-10,-1.843188e-08
-152.0153,-1.807969E-08,+1.075907E-10,-2.009718e-08
-154.0074,-2.329868E-08,-1.888239E-10,-2.374026e-08
-156.0042,-2.769045E-08,-8.885374E-11,-2.751448e-08
-158.0145,-3.642138E-08,-1.227612E-10,-3.857317e-08
-160.0088,-4.671042E-08,-1.965731E-10,-4.931391e-08
-162.0034,-7.678238E-08,+3.223696E-10,-7.492397e-08
-164.0154,-1.579814E-07,+1.944975E-10,-1.276215e-07
-166.0228,-8.249243E-07,-2.502747E-10,-3.638587e-07
-166.0805,-1.273209E-06,-7.924821E-11,-8.831393e-06
-166.7462,-1.014311E-05,-1.663213E-10,-9.997832e-06
