Temperature: 21.0 Room
Humidity: 2.0
Date: 02/11/2023 10:48 AM
Sweep Voltage,pad,gr,V,,conc
0.0E+0,1.8984E-9,-333.6600E-12,-1.8068E-9
-2.0E+0,50.5000E-12,387.7500E-9,-388.1153E-9
-4.0E+0,86.7500E-12,387.9000E-9,-388.3275E-9
-6.0E+0,77.9000E-12,388.1000E-9,-388.4540E-9
-8.0E+0,75.8010E-12,388.1900E-9,-388.5814E-9
-10.0E+0,70.9020E-12,388.2900E-9,-388.6432E-9
-12.0E+0,65.5010E-12,388.3500E-9,-388.7296E-9
-14.0E+0,62.9010E-12,388.4900E-9,-388.8646E-9
-16.0E+0,65.2490E-12,388.5900E-9,-388.9509E-9
-18.0E+0,61.4510E-12,388.6400E-9,-389.0624E-9
-20.0E+0,66.2510E-12,388.8000E-9,-389.2038E-9
-22.0E+0,66.9510E-12,387.8400E-9,-388.9558E-9
-24.0E+0,82.4020E-12,388.9900E-9,-389.4242E-9
-26.0E+0,84.1500E-12,389.1500E-9,-389.6264E-9
-28.0E+0,85.5000E-12,389.2500E-9,-389.7736E-9
-30.0E+0,86.3980E-12,389.3900E-9,-389.8401E-9
-32.0E+0,87.6490E-12,389.5400E-9,-389.9593E-9
-34.0E+0,92.9000E-12,389.7000E-9,-390.0330E-9
-36.0E+0,99.0500E-12,389.8900E-9,-390.3635E-9
-38.0E+0,97.1990E-12,390.0500E-9,-390.5568E-9
-40.0E+0,98.0020E-12,390.1900E-9,-390.6410E-9
-42.0E+0,97.4510E-12,390.4400E-9,-390.4259E-9
-44.0E+0,100.6500E-12,390.6500E-9,-391.0302E-9
-46.0E+0,103.5500E-12,390.8900E-9,-391.7853E-9
-48.0E+0,102.8500E-12,391.1400E-9,-391.5682E-9
-50.0E+0,105.6000E-12,391.3900E-9,-391.8779E-9
-52.0E+0,108.4500E-12,391.6900E-9,-392.0650E-9
-54.0E+0,110.6500E-12,391.9400E-9,-392.3361E-9
-56.0E+0,113.0500E-12,392.1900E-9,-392.7846E-9
-58.0E+0,116.0000E-12,392.4900E-9,-392.9107E-9
-60.0E+0,116.9000E-12,392.7000E-9,-393.0749E-9
-62.0E+0,119.0500E-12,392.9400E-9,-393.3479E-9
-64.0E+0,121.3500E-12,393.1900E-9,-393.8595E-9
-66.0E+0,123.0500E-12,393.4400E-9,-393.6781E-9
-68.0E+0,125.1500E-12,393.6400E-9,-394.2324E-9
-70.0E+0,129.6500E-12,393.8900E-9,-394.5748E-9
-72.0E+0,129.7500E-12,394.0400E-9,-394.0712E-9
-74.0E+0,131.2500E-12,394.3000E-9,-394.8206E-9
-76.0E+0,134.5500E-12,394.4900E-9,-394.9708E-9
-78.0E+0,136.8000E-12,394.6500E-9,-395.0740E-9
-80.0E+0,140.1000E-12,394.8400E-9,-395.2742E-9
-82.0E+0,145.0500E-12,395.0400E-9,-395.6673E-9
-84.0E+0,147.3500E-12,395.2400E-9,-395.7900E-9
-86.0E+0,151.5500E-12,395.4500E-9,-395.9632E-9
-88.0E+0,154.3500E-12,395.6400E-9,-396.2147E-9
-90.0E+0,156.8500E-12,395.8000E-9,-396.0689E-9
-92.0E+0,159.4500E-12,395.9400E-9,-396.5137E-9
-94.0E+0,163.0000E-12,396.0900E-9,-396.8718E-9
-96.0E+0,166.0500E-12,396.2900E-9,-396.7427E-9
-98.0E+0,170.1000E-12,396.4400E-9,-397.0204E-9
-100.0E+0,174.4000E-12,396.6000E-9,-397.1036E-9
-102.0E+0,180.0500E-12,396.7900E-9,-397.2624E-9
-104.0E+0,182.7500E-12,396.9500E-9,-397.5799E-9
-106.0E+0,188.0500E-12,397.0900E-9,-397.5282E-9
-108.0E+0,192.1500E-12,397.2400E-9,-397.7018E-9
-110.0E+0,198.4500E-12,397.4400E-9,-397.8706E-9
-112.0E+0,203.4000E-12,397.5900E-9,-398.2581E-9
-114.0E+0,208.7500E-12,397.7500E-9,-398.4123E-9
-116.0E+0,213.0000E-12,397.9900E-9,-398.4264E-9
-118.0E+0,218.3000E-12,398.2000E-9,-398.7998E-9
-120.0E+0,224.2000E-12,398.4500E-9,-399.1418E-9
-122.0E+0,230.6000E-12,398.8000E-9,-398.7710E-9
-124.0E+0,238.7000E-12,399.1900E-9,-399.8481E-9
-126.0E+0,245.5100E-12,399.6400E-9,-400.2076E-9
-128.0E+0,255.5000E-12,400.1500E-9,-400.6370E-9
-130.0E+0,262.6400E-12,400.6900E-9,-401.3356E-9
-132.0E+0,268.9500E-12,401.2400E-9,-401.7058E-9
-134.0E+0,278.8000E-12,401.7500E-9,-401.9888E-9
-136.0E+0,287.5000E-12,402.2900E-9,-402.9011E-9
-138.0E+0,300.6000E-12,402.8400E-9,-403.3327E-9
-140.0E+0,310.8000E-12,403.3900E-9,-403.7255E-9
-142.0E+0,321.2500E-12,403.8900E-9,-404.5872E-9
-144.0E+0,335.7000E-12,404.4000E-9,-405.0123E-9
-146.0E+0,350.1000E-12,404.8900E-9,-405.6768E-9
-148.0E+0,363.0400E-12,405.3400E-9,-406.0942E-9
-150.0E+0,379.4000E-12,405.8400E-9,-406.5263E-9
-152.0E+0,397.7000E-12,406.2900E-9,-407.0508E-9
-154.0E+0,415.8500E-12,406.7400E-9,-407.5231E-9
-156.0E+0,437.3900E-12,407.2500E-9,-408.0314E-9
-158.0E+0,462.0500E-12,407.6400E-9,-408.3462E-9
-160.0E+0,487.8900E-12,408.0400E-9,-408.8659E-9
-162.0E+0,516.5100E-12,408.5400E-9,-409.4766E-9
-164.0E+0,548.5100E-12,409.0000E-9,-409.8819E-9
-166.0E+0,582.4500E-12,409.5500E-9,-410.3317E-9
-168.0E+0,622.7500E-12,410.0400E-9,-411.1604E-9
-170.0E+0,670.4900E-12,410.5400E-9,-411.5880E-9
-172.0E+0,724.8400E-12,410.9900E-9,-412.1514E-9
-174.0E+0,788.1600E-12,411.5000E-9,-412.6673E-9
-176.0E+0,862.9700E-12,411.9900E-9,-413.0910E-9
-178.0E+0,954.4600E-12,412.3900E-9,-413.7647E-9
-180.0E+0,1.0619E-9,412.8400E-9,-414.2442E-9
-182.0E+0,1.2045E-9,413.2900E-9,-414.8087E-9
-184.0E+0,1.3835E-9,413.7000E-9,-415.5171E-9
-186.0E+0,1.6130E-9,414.0900E-9,-416.0009E-9
-188.0E+0,1.9364E-9,414.5000E-9,-416.7970E-9
-190.0E+0,2.3999E-9,414.8900E-9,-417.6233E-9
-192.0E+0,3.0984E-9,415.3000E-9,-418.8374E-9
-194.0E+0,4.2464E-9,415.6900E-9,-420.3395E-9
-196.0E+0,6.3303E-9,416.0400E-9,-422.7559E-9
-198.0E+0,10.4800E-9,416.4500E-9,-427.1583E-9
-200.0E+0,20.1200E-9,416.8000E-9,-437.4053E-9
-202.0E+0,49.1000E-9,417.1900E-9,-467.0086E-9
-204.0E+0,170.1000E-9,417.6000E-9,-589.6979E-9
-206.0E+0,2.1955E-6,417.9900E-9,-2.5244E-6
