Temperature: 100.0 Down
Humidity: 1.0
Date: 31/10/2023 2:29 PM
Sweep Voltage,pad,gr,V,,conc
0.0E+0,-30.0810E-9,35.9300E-9,-7.1168E-9
-2.0E+0,1.5140E-9,2.3375E-6,-2.3410E-6
-4.0E+0,2.0565E-9,2.3445E-6,-2.3487E-6
-6.0E+0,2.1879E-9,2.3490E-6,-2.3536E-6
-8.0E+0,2.3230E-9,2.3530E-6,-2.3578E-6
-10.0E+0,2.4864E-9,2.3569E-6,-2.3616E-6
-12.0E+0,2.7114E-9,2.3604E-6,-2.3655E-6
-14.0E+0,3.0409E-9,2.3639E-6,-2.3692E-6
-16.0E+0,3.5264E-9,2.3674E-6,-2.3729E-6
-18.0E+0,4.2485E-9,2.3704E-6,-2.3770E-6
-20.0E+0,5.3778E-9,2.3739E-6,-2.3814E-6
-22.0E+0,7.6056E-9,2.3774E-6,-2.3875E-6
-24.0E+0,9.3514E-9,2.3809E-6,-2.3925E-6
-26.0E+0,9.6411E-9,2.3844E-6,-2.3962E-6
-28.0E+0,9.8821E-9,2.3880E-6,-2.4002E-6
-30.0E+0,10.0970E-9,2.3920E-6,-2.4041E-6
-32.0E+0,10.2900E-9,2.3955E-6,-2.4080E-6
-34.0E+0,10.4850E-9,2.3994E-6,-2.4122E-6
-36.0E+0,10.6650E-9,2.4029E-6,-2.4162E-6
-38.0E+0,10.8400E-9,2.4070E-6,-2.4202E-6
-40.0E+0,10.9850E-9,2.4114E-6,-2.4247E-6
-42.0E+0,11.1500E-9,2.4155E-6,-2.4292E-6
-44.0E+0,11.2850E-9,2.4195E-6,-2.4335E-6
-46.0E+0,11.4200E-9,2.4249E-6,-2.4384E-6
-48.0E+0,11.5600E-9,2.4299E-6,-2.4435E-6
-50.0E+0,11.6950E-9,2.4345E-6,-2.4489E-6
-52.0E+0,11.8250E-9,2.4399E-6,-2.4540E-6
-54.0E+0,11.9750E-9,2.4450E-6,-2.4593E-6
-56.0E+0,12.1050E-9,2.4500E-6,-2.4643E-6
-58.0E+0,12.2500E-9,2.4550E-6,-2.4695E-6
-60.0E+0,12.3850E-9,2.4595E-6,-2.4748E-6
-62.0E+0,12.5350E-9,2.4645E-6,-2.4794E-6
-64.0E+0,12.6750E-9,2.4689E-6,-2.4842E-6
-66.0E+0,12.8150E-9,2.4735E-6,-2.4889E-6
-68.0E+0,12.9550E-9,2.4785E-6,-2.4931E-6
-70.0E+0,13.1000E-9,2.4824E-6,-2.4978E-6
-72.0E+0,13.2600E-9,2.4865E-6,-2.5023E-6
-74.0E+0,13.4050E-9,2.4905E-6,-2.5066E-6
-76.0E+0,13.5700E-9,2.4944E-6,-2.5106E-6
-78.0E+0,13.7150E-9,2.4985E-6,-2.5145E-6
-80.0E+0,13.8650E-9,2.5020E-6,-2.5185E-6
-82.0E+0,14.0350E-9,2.5060E-6,-2.5225E-6
-84.0E+0,14.1950E-9,2.5100E-6,-2.5265E-6
-86.0E+0,14.3600E-9,2.5135E-6,-2.5302E-6
-88.0E+0,14.5200E-9,2.5170E-6,-2.5342E-6
-90.0E+0,14.7000E-9,2.5210E-6,-2.5381E-6
-92.0E+0,14.8600E-9,2.5249E-6,-2.5418E-6
-94.0E+0,15.0350E-9,2.5280E-6,-2.5456E-6
-96.0E+0,15.2200E-9,2.5314E-6,-2.5490E-6
-98.0E+0,15.3950E-9,2.5345E-6,-2.5526E-6
-100.0E+0,15.5700E-9,2.5384E-6,-2.5560E-6
-102.0E+0,15.7500E-9,2.5415E-6,-2.5598E-6
-104.0E+0,15.9550E-9,2.5450E-6,-2.5633E-6
-106.0E+0,16.1300E-9,2.5490E-6,-2.5667E-6
-108.0E+0,16.3300E-9,2.5515E-6,-2.5703E-6
-110.0E+0,16.5250E-9,2.5550E-6,-2.5738E-6
-112.0E+0,16.7200E-9,2.5589E-6,-2.5776E-6
-114.0E+0,16.9400E-9,2.5624E-6,-2.5818E-6
-116.0E+0,17.1350E-9,2.5670E-6,-2.5861E-6
-118.0E+0,17.3400E-9,2.5715E-6,-2.5910E-6
-120.0E+0,17.5650E-9,2.5770E-6,-2.5966E-6
-122.0E+0,17.7800E-9,2.5835E-6,-2.6034E-6
-124.0E+0,18.0000E-9,2.5900E-6,-2.6106E-6
-126.0E+0,18.2400E-9,2.5979E-6,-2.6187E-6
-128.0E+0,18.4550E-9,2.6064E-6,-2.6270E-6
-130.0E+0,18.7000E-9,2.6145E-6,-2.6355E-6
-132.0E+0,18.9450E-9,2.6229E-6,-2.6439E-6
-134.0E+0,19.1850E-9,2.6310E-6,-2.6523E-6
-136.0E+0,19.4450E-9,2.6390E-6,-2.6607E-6
-138.0E+0,19.7000E-9,2.6469E-6,-2.6687E-6
-140.0E+0,19.9550E-9,2.6545E-6,-2.6765E-6
-142.0E+0,20.2400E-9,2.6619E-6,-2.6843E-6
-144.0E+0,20.5100E-9,2.6689E-6,-2.6916E-6
-146.0E+0,20.7900E-9,2.6759E-6,-2.6989E-6
-148.0E+0,21.0850E-9,2.6824E-6,-2.7060E-6
-150.0E+0,21.3800E-9,2.6890E-6,-2.7128E-6
-152.0E+0,21.6950E-9,2.6955E-6,-2.7196E-6
-154.0E+0,22.0050E-9,2.7020E-6,-2.7262E-6
-156.0E+0,22.3300E-9,2.7079E-6,-2.7325E-6
-158.0E+0,22.6600E-9,2.7135E-6,-2.7386E-6
-160.0E+0,22.9950E-9,2.7195E-6,-2.7447E-6
-162.0E+0,23.3450E-9,2.7249E-6,-2.7508E-6
-164.0E+0,23.7100E-9,2.7310E-6,-2.7572E-6
-166.0E+0,24.0800E-9,2.7369E-6,-2.7638E-6
-168.0E+0,24.4550E-9,2.7434E-6,-2.7704E-6
-170.0E+0,24.8500E-9,2.7500E-6,-2.7768E-6
-172.0E+0,25.2550E-9,2.7554E-6,-2.7833E-6
-174.0E+0,25.6700E-9,2.7610E-6,-2.7888E-6
-176.0E+0,26.1000E-9,2.7665E-6,-2.7949E-6
-178.0E+0,26.5450E-9,2.7715E-6,-2.8003E-6
-180.0E+0,27.0000E-9,2.7765E-6,-2.8059E-6
-182.0E+0,27.4750E-9,2.7815E-6,-2.8112E-6
-184.0E+0,27.9650E-9,2.7865E-6,-2.8163E-6
-186.0E+0,28.4650E-9,2.7909E-6,-2.8214E-6
-188.0E+0,29.0000E-9,2.7950E-6,-2.8264E-6
-190.0E+0,29.5450E-9,2.8000E-6,-2.8314E-6
-192.0E+0,30.1010E-9,2.8040E-6,-2.8362E-6
-194.0E+0,30.6900E-9,2.8079E-6,-2.8408E-6
-196.0E+0,31.3100E-9,2.8120E-6,-2.8454E-6
-198.0E+0,31.9340E-9,2.8160E-6,-2.8500E-6
-200.0E+0,32.6050E-9,2.8195E-6,-2.8546E-6
-202.0E+0,33.2890E-9,2.8240E-6,-2.8592E-6
-204.0E+0,34.0040E-9,2.8275E-6,-2.8636E-6
-206.0E+0,34.7450E-9,2.8310E-6,-2.8679E-6
-208.0E+0,35.5390E-9,2.8345E-6,-2.8724E-6
-210.0E+0,36.3600E-9,2.8380E-6,-2.8768E-6
-212.0E+0,37.2150E-9,2.8419E-6,-2.8811E-6
-214.0E+0,38.1200E-9,2.8445E-6,-2.8853E-6
-216.0E+0,39.0500E-9,2.8480E-6,-2.8896E-6
-218.0E+0,40.0340E-9,2.8519E-6,-2.8939E-6
-220.0E+0,41.0750E-9,2.8554E-6,-2.8983E-6
-222.0E+0,42.1640E-9,2.8580E-6,-2.9026E-6
-224.0E+0,43.3160E-9,2.8615E-6,-2.9070E-6
-226.0E+0,44.5400E-9,2.8645E-6,-2.9112E-6
-228.0E+0,45.8290E-9,2.8674E-6,-2.9157E-6
-230.0E+0,47.1990E-9,2.8704E-6,-2.9202E-6
-232.0E+0,48.6510E-9,2.8739E-6,-2.9248E-6
-234.0E+0,50.2000E-9,2.8774E-6,-2.9295E-6
-236.0E+0,51.8300E-9,2.8800E-6,-2.9340E-6
-238.0E+0,53.6090E-9,2.8835E-6,-2.9389E-6
-240.0E+0,55.4990E-9,2.8859E-6,-2.9440E-6
-242.0E+0,57.5140E-9,2.8890E-6,-2.9491E-6
-244.0E+0,59.7140E-9,2.8925E-6,-2.9543E-6
-246.0E+0,62.0600E-9,2.8955E-6,-2.9597E-6
-248.0E+0,64.5990E-9,2.8985E-6,-2.9654E-6
-250.0E+0,67.3900E-9,2.9025E-6,-2.9713E-6
-252.0E+0,70.4350E-9,2.9049E-6,-2.9774E-6
-254.0E+0,73.7340E-9,2.9079E-6,-2.9841E-6
-256.0E+0,77.4090E-9,2.9114E-6,-2.9908E-6
-258.0E+0,81.4500E-9,2.9149E-6,-2.9982E-6
-260.0E+0,85.9440E-9,2.9179E-6,-3.0060E-6
-262.0E+0,91.0260E-9,2.9210E-6,-3.0145E-6
-264.0E+0,96.6350E-9,2.9245E-6,-3.0234E-6
-266.0E+0,103.0500E-9,2.9280E-6,-3.0335E-6
-268.0E+0,110.5000E-9,2.9319E-6,-3.0444E-6
-270.0E+0,118.9500E-9,2.9349E-6,-3.0564E-6
-272.0E+0,128.8000E-9,2.9390E-6,-3.0699E-6
-274.0E+0,140.6000E-9,2.9430E-6,-3.0855E-6
-276.0E+0,154.5500E-9,2.9465E-6,-3.1037E-6
-278.0E+0,171.7500E-9,2.9510E-6,-3.1251E-6
-280.0E+0,193.1500E-9,2.9554E-6,-3.1512E-6
-282.0E+0,220.3500E-9,2.9620E-6,-3.1845E-6
-284.0E+0,255.9400E-9,2.9755E-6,-3.2340E-6
-286.0E+0,305.1000E-9,3.0334E-6,-3.3424E-6
-288.0E+0,374.4500E-9,3.4705E-6,-3.8703E-6
-290.0E+0,478.8400E-9,5.4359E-6,-6.1669E-6
