Temperature: 60.0 Up
Humidity: 9.0
Date: 27/10/2023 11:18 AM
Sweep Voltage,pad,gr,V,,conc
0.0E+0,182.7000E-9,1.0500E-12,-225.6539E-12
-2.0E+0,513.2900E-12,1.1000E-12,-1.2525E-6
-4.0E+0,166.7000E-12,1.1000E-12,-1.2546E-6
-6.0E+0,168.6000E-12,1.0500E-12,-1.2558E-6
-8.0E+0,176.7500E-12,1.0500E-12,-1.2569E-6
-10.0E+0,186.9500E-12,1.1000E-12,-1.2578E-6
-12.0E+0,202.9000E-12,1.1500E-12,-1.2586E-6
-14.0E+0,227.5500E-12,1.1000E-12,-1.2595E-6
-16.0E+0,269.5900E-12,1.0500E-12,-1.2602E-6
-18.0E+0,348.2500E-12,1.0500E-12,-1.2610E-6
-20.0E+0,490.8400E-12,1.1500E-12,-1.2620E-6
-22.0E+0,735.4100E-12,1.1000E-12,-1.2628E-6
-24.0E+0,871.4900E-12,999.9800E-15,-1.2637E-6
-26.0E+0,897.1600E-12,1.1000E-12,-1.2646E-6
-28.0E+0,916.4900E-12,999.9800E-15,-1.2654E-6
-30.0E+0,935.8700E-12,1.1000E-12,-1.2664E-6
-32.0E+0,952.1800E-12,950.0200E-15,-1.2673E-6
-34.0E+0,971.9700E-12,1.0500E-12,-1.2682E-6
-36.0E+0,990.9500E-12,1.0500E-12,-1.2694E-6
-38.0E+0,1.0075E-9,1.1500E-12,-1.2705E-6
-40.0E+0,1.0235E-9,1.1000E-12,-1.2717E-6
-42.0E+0,1.0380E-9,999.9800E-15,-1.2727E-6
-44.0E+0,1.0525E-9,1.2000E-12,-1.2740E-6
-46.0E+0,1.0680E-9,1.1000E-12,-1.2759E-6
-48.0E+0,1.0820E-9,1.0500E-12,-1.2777E-6
-50.0E+0,1.0980E-9,1.1500E-12,-1.2794E-6
-52.0E+0,1.1120E-9,999.9800E-15,-1.2814E-6
-54.0E+0,1.1275E-9,1.1000E-12,-1.2832E-6
-56.0E+0,1.1429E-9,999.9800E-15,-1.2848E-6
-58.0E+0,1.1580E-9,1.0500E-12,-1.2865E-6
-60.0E+0,1.1745E-9,1.2000E-12,-1.2883E-6
-62.0E+0,1.1900E-9,1.1000E-12,-1.2898E-6
-64.0E+0,1.2050E-9,900.0000E-15,-1.2913E-6
-66.0E+0,1.2220E-9,1.1500E-12,-1.2930E-6
-68.0E+0,1.2390E-9,1.0500E-12,-1.2944E-6
-70.0E+0,1.2555E-9,1.0500E-12,-1.2957E-6
-72.0E+0,1.2725E-9,1.0500E-12,-1.2971E-6
-74.0E+0,1.2920E-9,1.1500E-12,-1.2985E-6
-76.0E+0,1.3090E-9,999.9800E-15,-1.3000E-6
-78.0E+0,1.3275E-9,1.2000E-12,-1.3013E-6
-80.0E+0,1.3470E-9,1.1500E-12,-1.3025E-6
-82.0E+0,1.3655E-9,1.1000E-12,-1.3039E-6
-84.0E+0,1.3840E-9,1.0500E-12,-1.3050E-6
-86.0E+0,1.4055E-9,1.1500E-12,-1.3062E-6
-88.0E+0,1.4255E-9,1.1000E-12,-1.3074E-6
-90.0E+0,1.4455E-9,1.1000E-12,-1.3087E-6
-92.0E+0,1.4675E-9,1.1500E-12,-1.3100E-6
-94.0E+0,1.4905E-9,1.2500E-12,-1.3110E-6
-96.0E+0,1.5120E-9,1.0500E-12,-1.3120E-6
-98.0E+0,1.5345E-9,1.0500E-12,-1.3134E-6
-100.0E+0,1.5594E-9,1.0500E-12,-1.3144E-6
-102.0E+0,1.5819E-9,999.9800E-15,-1.3157E-6
-104.0E+0,1.6075E-9,1.1500E-12,-1.3168E-6
-106.0E+0,1.6335E-9,1.1000E-12,-1.3180E-6
-108.0E+0,1.6590E-9,999.9800E-15,-1.3193E-6
-110.0E+0,1.6869E-9,1.1500E-12,-1.3207E-6
-112.0E+0,1.7139E-9,1.1000E-12,-1.3222E-6
-114.0E+0,1.7425E-9,1.1000E-12,-1.3242E-6
-116.0E+0,1.7710E-9,999.9800E-15,-1.3267E-6
-118.0E+0,1.8019E-9,1.1500E-12,-1.3294E-6
-120.0E+0,1.8325E-9,1.1000E-12,-1.3325E-6
-122.0E+0,1.8640E-9,1.1000E-12,-1.3358E-6
-124.0E+0,1.8984E-9,1.1500E-12,-1.3392E-6
-126.0E+0,1.9314E-9,1.0500E-12,-1.3429E-6
-128.0E+0,1.9670E-9,1.1500E-12,-1.3466E-6
-130.0E+0,2.0040E-9,1.1000E-12,-1.3501E-6
-132.0E+0,2.0409E-9,1.0500E-12,-1.3534E-6
-134.0E+0,2.0799E-9,1.1500E-12,-1.3568E-6
-136.0E+0,2.1209E-9,1.0500E-12,-1.3601E-6
-138.0E+0,2.1614E-9,1.0500E-12,-1.3634E-6
-140.0E+0,2.2045E-9,1.1000E-12,-1.3665E-6
-142.0E+0,2.2510E-9,1.2000E-12,-1.3695E-6
-144.0E+0,2.2969E-9,1.1000E-12,-1.3723E-6
-146.0E+0,2.3449E-9,1.1000E-12,-1.3754E-6
-148.0E+0,2.3945E-9,1.1000E-12,-1.3780E-6
-150.0E+0,2.4479E-9,1.2000E-12,-1.3808E-6
-152.0E+0,2.5029E-9,1.1000E-12,-1.3836E-6
-154.0E+0,2.5584E-9,1.1000E-12,-1.3863E-6
-156.0E+0,2.6189E-9,1.1500E-12,-1.3891E-6
-158.0E+0,2.6799E-9,1.0500E-12,-1.3921E-6
-160.0E+0,2.7464E-9,1.1000E-12,-1.3952E-6
-162.0E+0,2.8124E-9,1.1000E-12,-1.3980E-6
-164.0E+0,2.8844E-9,1.1000E-12,-1.4010E-6
-166.0E+0,2.9585E-9,999.9800E-15,-1.4038E-6
-168.0E+0,3.0359E-9,1.1500E-12,-1.4063E-6
-170.0E+0,3.1205E-9,999.9800E-15,-1.4086E-6
-172.0E+0,3.2085E-9,1.1500E-12,-1.4110E-6
-174.0E+0,3.2969E-9,900.0000E-15,-1.4133E-6
-176.0E+0,3.3949E-9,1.2000E-12,-1.4157E-6
-178.0E+0,3.4979E-9,1.1000E-12,-1.4177E-6
-180.0E+0,3.6059E-9,1.0500E-12,-1.4198E-6
-182.0E+0,3.7219E-9,1.1500E-12,-1.4218E-6
-184.0E+0,3.8435E-9,1.1000E-12,-1.4239E-6
-186.0E+0,3.9738E-9,1.1000E-12,-1.4258E-6
-188.0E+0,4.1155E-9,1.1000E-12,-1.4276E-6
-190.0E+0,4.2639E-9,1.1000E-12,-1.4296E-6
-192.0E+0,4.4229E-9,1.1000E-12,-1.4313E-6
-194.0E+0,4.5968E-9,1.1500E-12,-1.4330E-6
-196.0E+0,4.7844E-9,999.9800E-15,-1.4349E-6
-198.0E+0,4.9874E-9,999.9800E-15,-1.4366E-6
-200.0E+0,5.2073E-9,1.1500E-12,-1.4385E-6
-202.0E+0,5.4474E-9,1.0500E-12,-1.4402E-6
-204.0E+0,5.7084E-9,1.0500E-12,-1.4420E-6
-206.0E+0,5.9984E-9,1.1000E-12,-1.4438E-6
-208.0E+0,6.3199E-9,1.0500E-12,-1.4455E-6
-210.0E+0,6.6739E-9,1.1500E-12,-1.4473E-6
-212.0E+0,7.0709E-9,1.1500E-12,-1.4490E-6
-214.0E+0,7.5183E-9,999.9800E-15,-1.4510E-6
-216.0E+0,8.0213E-9,1.1500E-12,-1.4529E-6
-218.0E+0,8.5997E-9,1.1500E-12,-1.4547E-6
-220.0E+0,9.2695E-9,1.0500E-12,-1.4568E-6
-222.0E+0,10.0470E-9,1.1500E-12,-1.4592E-6
-224.0E+0,10.9450E-9,1.1000E-12,-1.4614E-6
-226.0E+0,12.0550E-9,1.1000E-12,-1.4639E-6
-228.0E+0,13.3850E-9,1.0500E-12,-1.4665E-6
-230.0E+0,15.0400E-9,1.1000E-12,-1.4694E-6
-232.0E+0,17.1500E-9,1.1500E-12,-1.4730E-6
-234.0E+0,19.8800E-9,1.0500E-12,-1.4772E-6
-236.0E+0,23.6100E-9,1.1500E-12,-1.4823E-6
-238.0E+0,28.8800E-9,1.1000E-12,-1.4889E-6
-240.0E+0,36.7600E-9,999.9800E-15,-1.4981E-6
-242.0E+0,49.3090E-9,1.1500E-12,-1.5120E-6
-244.0E+0,71.3700E-9,1.0500E-12,-1.5356E-6
-246.0E+0,114.2000E-9,1.0500E-12,-1.5798E-6
-248.0E+0,209.7400E-9,1.1500E-12,-1.6769E-6
-250.0E+0,474.7000E-9,1.0500E-12,-1.9445E-6
-252.0E+0,1.4545E-6,1.1500E-12,-2.9290E-6
