Temperature: 120.0 Ramp Down
Humidity: 1.0
Date: 26/9/2023 7:14 PM
Sweep Voltage,pad,gr,back,,conc
0.0E+0,-63.6500E-9,55.2990E-9,3.0310E-9
-2.0E+0,3.1679E-9,1.7030E-6,-1.7058E-6
-4.0E+0,4.1680E-9,1.7350E-6,-1.7400E-6
-6.0E+0,4.6998E-9,1.7660E-6,-1.7712E-6
-8.0E+0,5.2134E-9,1.7940E-6,-1.8002E-6
-10.0E+0,6.0918E-9,1.8200E-6,-1.8265E-6
-12.0E+0,6.9620E-9,1.8440E-6,-1.8519E-6
-14.0E+0,8.2850E-9,1.8640E-6,-1.8725E-6
-16.0E+0,10.0100E-9,1.8780E-6,-1.8892E-6
-18.0E+0,12.2750E-9,1.8905E-6,-1.9039E-6
-20.0E+0,15.7050E-9,1.8995E-6,-1.9173E-6
-22.0E+0,22.4400E-9,1.9094E-6,-1.9335E-6
-24.0E+0,32.4110E-9,1.9190E-6,-1.9531E-6
-26.0E+0,33.3750E-9,1.9280E-6,-1.9639E-6
-28.0E+0,34.2550E-9,1.9375E-6,-1.9738E-6
-30.0E+0,35.1560E-9,1.9475E-6,-1.9846E-6
-32.0E+0,36.0050E-9,1.9590E-6,-1.9961E-6
-34.0E+0,36.8600E-9,1.9689E-6,-2.0086E-6
-36.0E+0,37.6460E-9,1.9774E-6,-2.0145E-6
-38.0E+0,38.3150E-9,1.9839E-6,-2.0244E-6
-40.0E+0,38.9050E-9,1.9930E-6,-2.0367E-6
-42.0E+0,39.4900E-9,2.0020E-6,-2.0432E-6
-44.0E+0,40.0340E-9,2.0105E-6,-2.0563E-6
-46.0E+0,40.5540E-9,2.0164E-6,-2.0620E-6
-48.0E+0,41.0490E-9,2.0275E-6,-2.0699E-6
-50.0E+0,41.5260E-9,2.0345E-6,-2.0793E-6
-52.0E+0,41.9840E-9,2.0355E-6,-2.0787E-6
-54.0E+0,42.4610E-9,2.0425E-6,-2.0853E-6
-56.0E+0,42.8610E-9,2.0534E-6,-2.0950E-6
-58.0E+0,43.3050E-9,2.0569E-6,-2.1040E-6
-60.0E+0,43.7390E-9,2.0685E-6,-2.1124E-6
-62.0E+0,44.1510E-9,2.0745E-6,-2.1233E-6
-64.0E+0,44.5710E-9,2.0850E-6,-2.1379E-6
-66.0E+0,44.9860E-9,2.0950E-6,-2.1458E-6
-68.0E+0,45.4090E-9,2.1055E-6,-2.1513E-6
-70.0E+0,45.8350E-9,2.1144E-6,-2.1655E-6
-72.0E+0,46.2400E-9,2.1275E-6,-2.1750E-6
-74.0E+0,46.6700E-9,2.1360E-6,-2.1837E-6
-76.0E+0,47.1250E-9,2.1440E-6,-2.1944E-6
-78.0E+0,47.5560E-9,2.1554E-6,-2.2020E-6
-80.0E+0,48.0190E-9,2.1674E-6,-2.2187E-6
-82.0E+0,48.4800E-9,2.1774E-6,-2.2317E-6
-84.0E+0,48.9340E-9,2.1900E-6,-2.2310E-6
-86.0E+0,49.3890E-9,2.2050E-6,-2.2588E-6
-88.0E+0,49.8860E-9,2.2229E-6,-2.2657E-6
-90.0E+0,50.3700E-9,2.2255E-6,-2.2889E-6
-92.0E+0,50.8750E-9,2.2375E-6,-2.2843E-6
-94.0E+0,51.3900E-9,2.2619E-6,-2.3137E-6
-96.0E+0,51.8850E-9,2.2795E-6,-2.3417E-6
-98.0E+0,52.4200E-9,2.2855E-6,-2.3456E-6
-100.0E+0,52.9400E-9,2.3005E-6,-2.3476E-6
-102.0E+0,53.4800E-9,2.3149E-6,-2.3682E-6
-104.0E+0,54.0290E-9,2.3330E-6,-2.3879E-6
-106.0E+0,54.6150E-9,2.3604E-6,-2.4162E-6
-108.0E+0,55.1750E-9,2.3600E-6,-2.4189E-6
-110.0E+0,55.7700E-9,2.3800E-6,-2.4455E-6
-112.0E+0,56.3590E-9,2.3994E-6,-2.4674E-6
-114.0E+0,56.9800E-9,2.4349E-6,-2.5069E-6
-116.0E+0,57.5950E-9,2.4689E-6,-2.5430E-6
-118.0E+0,58.2290E-9,2.5055E-6,-2.5552E-6
-120.0E+0,58.8750E-9,2.5319E-6,-2.5946E-6
-122.0E+0,59.5850E-9,2.5765E-6,-2.6344E-6
-124.0E+0,60.2560E-9,2.5994E-6,-2.6772E-6
-126.0E+0,60.9500E-9,2.6249E-6,-2.6965E-6
-128.0E+0,61.6600E-9,2.6635E-6,-2.7266E-6
-130.0E+0,62.3800E-9,2.6880E-6,-2.7541E-6
-132.0E+0,63.1150E-9,2.6940E-6,-2.7765E-6
-134.0E+0,63.8860E-9,2.7305E-6,-2.7776E-6
-136.0E+0,64.6610E-9,2.7454E-6,-2.8235E-6
-138.0E+0,65.4510E-9,2.7635E-6,-2.8394E-6
-140.0E+0,66.2690E-9,2.8060E-6,-2.8771E-6
-142.0E+0,67.0730E-9,2.8264E-6,-2.9037E-6
-144.0E+0,67.9060E-9,2.8604E-6,-2.9499E-6
-146.0E+0,68.8050E-9,2.8990E-6,-2.9797E-6
-148.0E+0,69.7180E-9,2.9114E-6,-2.9809E-6
-150.0E+0,70.7040E-9,2.9315E-6,-3.0088E-6
-152.0E+0,71.6350E-9,2.9269E-6,-2.9664E-6
-154.0E+0,72.5880E-9,2.9545E-6,-3.0214E-6
-156.0E+0,73.5960E-9,3.0044E-6,-3.1086E-6
-158.0E+0,74.6260E-9,3.0604E-6,-3.1110E-6
-160.0E+0,75.6920E-9,3.0915E-6,-3.1925E-6
-162.0E+0,76.8010E-9,3.1264E-6,-3.2097E-6
-164.0E+0,77.9760E-9,3.1495E-6,-3.2462E-6
-166.0E+0,79.1330E-9,3.1715E-6,-3.2656E-6
-168.0E+0,80.3450E-9,3.1755E-6,-3.2709E-6
-170.0E+0,81.5340E-9,3.2000E-6,-3.3023E-6
-172.0E+0,82.8150E-9,3.2430E-6,-3.2891E-6
-174.0E+0,84.1350E-9,3.2535E-6,-3.3670E-6
-176.0E+0,85.5680E-9,3.3040E-6,-3.4065E-6
-178.0E+0,86.9840E-9,3.3519E-6,-3.4309E-6
-180.0E+0,88.4280E-9,3.4010E-6,-3.4647E-6
-182.0E+0,89.9630E-9,3.4079E-6,-3.5028E-6
-184.0E+0,91.4730E-9,3.4395E-6,-3.5921E-6
-186.0E+0,93.0740E-9,3.5070E-6,-3.6312E-6
-188.0E+0,94.7760E-9,3.5585E-6,-3.6710E-6
-190.0E+0,96.5260E-9,3.5859E-6,-3.6683E-6
-192.0E+0,98.3090E-9,3.5994E-6,-3.7127E-6
-194.0E+0,100.2600E-9,3.6404E-6,-3.7443E-6
-196.0E+0,102.1600E-9,3.6539E-6,-3.7917E-6
-198.0E+0,104.1700E-9,3.7339E-6,-3.8092E-6
-200.0E+0,106.3500E-9,3.7079E-6,-3.8248E-6
-202.0E+0,108.6500E-9,3.7120E-6,-3.8307E-6
-204.0E+0,110.9000E-9,3.7565E-6,-3.8127E-6
-206.0E+0,113.3500E-9,3.8235E-6,-3.8713E-6
-208.0E+0,115.8500E-9,3.8105E-6,-3.9925E-6
-210.0E+0,118.4000E-9,3.8820E-6,-3.9912E-6
-212.0E+0,121.2000E-9,3.8641E-6,-4.0242E-6
-214.0E+0,124.1000E-9,3.9069E-6,-4.0495E-6
-216.0E+0,127.1500E-9,3.9320E-6,-4.0619E-6
-218.0E+0,130.3500E-9,3.9530E-6,-4.0866E-6
-220.0E+0,133.7000E-9,4.0559E-6,-4.1948E-6
-222.0E+0,137.2500E-9,4.1016E-6,-4.2193E-6
-224.0E+0,141.0000E-9,4.0995E-6,-4.2881E-6
-226.0E+0,145.0000E-9,4.1549E-6,-4.3048E-6
-228.0E+0,149.2000E-9,4.1560E-6,-4.3450E-6
-230.0E+0,153.6500E-9,4.2189E-6,-4.3282E-6
-232.0E+0,158.4000E-9,4.2399E-6,-4.4180E-6
-234.0E+0,163.5500E-9,4.2119E-6,-4.3712E-6
-236.0E+0,168.8000E-9,4.2380E-6,-4.4583E-6
-238.0E+0,174.5900E-9,4.2815E-6,-4.4735E-6
-240.0E+0,180.7000E-9,4.3619E-6,-4.4989E-6
-242.0E+0,187.3500E-9,4.3409E-6,-4.5788E-6
-244.0E+0,194.4900E-9,4.4101E-6,-4.6618E-6
-246.0E+0,202.2000E-9,4.4489E-6,-4.6411E-6
-248.0E+0,210.4900E-9,4.4955E-6,-4.6922E-6
-250.0E+0,219.7000E-9,4.5714E-6,-4.7481E-6
-252.0E+0,229.5900E-9,4.6336E-6,-4.8269E-6
-254.0E+0,240.5000E-9,4.6298E-6,-4.8697E-6
-256.0E+0,252.5500E-9,4.6829E-6,-4.9060E-6
-258.0E+0,265.6900E-9,4.6985E-6,-4.9624E-6
-260.0E+0,280.6500E-9,4.7966E-6,-5.0830E-6
-262.0E+0,297.3000E-9,4.8284E-6,-5.1457E-6
-264.0E+0,315.7500E-9,4.8825E-6,-5.2279E-6
-266.0E+0,336.9900E-9,4.8974E-6,-5.1916E-6
-268.0E+0,361.6000E-9,4.9274E-6,-5.2911E-6
-270.0E+0,389.5400E-9,5.0364E-6,-5.4381E-6
-272.0E+0,422.6900E-9,5.0881E-6,-5.5208E-6
-274.0E+0,462.1400E-9,5.1465E-6,-5.5713E-6
-276.0E+0,508.8800E-9,5.2005E-6,-5.6910E-6
-278.0E+0,567.4900E-9,5.2259E-6,-5.8616E-6
-280.0E+0,641.8000E-9,5.2704E-6,-5.8595E-6
-282.0E+0,737.0800E-9,5.2745E-6,-5.9497E-6
-284.0E+0,866.3300E-9,5.3670E-6,-6.2265E-6
-286.0E+0,1.0495E-6,5.3530E-6,-6.4448E-6
-288.0E+0,1.3215E-6,5.4711E-6,-6.7684E-6
-290.0E+0,1.7550E-6,5.5505E-6,-7.2886E-6
-292.0E+0,2.5330E-6,5.5875E-6,-8.1099E-6
