Temperature: 60.0 Ramp Up
Humidity: 11.0
Date: 26/9/2023 4:21 PM
Sweep Voltage,pad,gr,back,,conc
0.0E+0,2.0765E-9,-1.3650E-9,570.0002E-12
-2.0E+0,109.4500E-12,124.7000E-9,-124.7600E-9
-4.0E+0,161.9500E-12,125.4000E-9,-125.5343E-9
-6.0E+0,188.5500E-12,125.9500E-9,-126.1182E-9
-8.0E+0,209.8000E-12,126.5900E-9,-126.7693E-9
-10.0E+0,230.9500E-12,127.2000E-9,-127.4272E-9
-12.0E+0,261.3500E-12,127.7500E-9,-128.0066E-9
-14.0E+0,307.2000E-12,128.2500E-9,-128.5529E-9
-16.0E+0,382.0000E-12,128.7000E-9,-129.1259E-9
-18.0E+0,498.2600E-12,129.3000E-9,-129.8793E-9
-20.0E+0,695.3100E-12,130.2500E-9,-131.2461E-9
-22.0E+0,1.0710E-9,132.4400E-9,-133.9112E-9
-24.0E+0,1.4494E-9,137.0500E-9,-140.2450E-9
-26.0E+0,1.4759E-9,148.1000E-9,-153.8437E-9
-28.0E+0,1.4984E-9,167.9400E-9,-175.2360E-9
-30.0E+0,1.5210E-9,194.4900E-9,-202.0762E-9
-32.0E+0,1.5424E-9,233.1900E-9,-244.2620E-9
-34.0E+0,1.5594E-9,261.9900E-9,-286.2485E-9
-36.0E+0,1.5735E-9,347.7500E-9,-360.8304E-9
-38.0E+0,1.5889E-9,404.2400E-9,-423.6035E-9
-40.0E+0,1.6105E-9,428.6400E-9,-442.5088E-9
-42.0E+0,1.6354E-9,485.6800E-9,-537.2454E-9
-44.0E+0,1.6605E-9,599.4800E-9,-615.8604E-9
-46.0E+0,1.6855E-9,680.3900E-9,-692.3462E-9
-48.0E+0,1.7105E-9,698.0000E-9,-756.5599E-9
-50.0E+0,1.7345E-9,778.0900E-9,-836.9232E-9
-52.0E+0,1.7579E-9,840.8400E-9,-865.4738E-9
-54.0E+0,1.7840E-9,898.3800E-9,-899.7901E-9
-56.0E+0,1.8100E-9,1.0195E-6,-994.3994E-9
-58.0E+0,1.8364E-9,1.0535E-6,-1.0850E-6
-60.0E+0,1.8634E-9,1.1160E-6,-1.1197E-6
-62.0E+0,1.8920E-9,1.1975E-6,-1.1414E-6
-64.0E+0,1.9199E-9,1.2445E-6,-1.1410E-6
-66.0E+0,1.9489E-9,1.2735E-6,-1.3282E-6
-68.0E+0,1.9764E-9,1.3065E-6,-1.3802E-6
-70.0E+0,2.0075E-9,1.3535E-6,-1.4920E-6
-72.0E+0,2.0375E-9,1.3425E-6,-1.3577E-6
-74.0E+0,2.0694E-9,1.4195E-6,-1.4060E-6
-76.0E+0,2.1015E-9,1.4525E-6,-1.3969E-6
-78.0E+0,2.1345E-9,1.5480E-6,-1.5452E-6
-80.0E+0,2.1704E-9,1.5715E-6,-1.5434E-6
-82.0E+0,2.2045E-9,1.6345E-6,-1.6509E-6
-84.0E+0,2.2389E-9,1.6220E-6,-1.6475E-6
-86.0E+0,2.2769E-9,1.6990E-6,-1.6924E-6
-88.0E+0,2.3150E-9,1.7115E-6,-1.6708E-6
-90.0E+0,2.3540E-9,1.7930E-6,-1.8043E-6
-92.0E+0,2.3945E-9,1.7280E-6,-1.8062E-6
-94.0E+0,2.4349E-9,1.8495E-6,-1.8513E-6
-96.0E+0,2.4774E-9,1.8520E-6,-1.9077E-6
-98.0E+0,2.5219E-9,1.9765E-6,-1.9772E-6
-100.0E+0,2.5674E-9,2.0390E-6,-2.1255E-6
-102.0E+0,2.6119E-9,2.1565E-6,-2.0685E-6
-104.0E+0,2.6604E-9,2.1305E-6,-2.1832E-6
-106.0E+0,2.7099E-9,2.2380E-6,-2.2097E-6
-108.0E+0,2.7604E-9,2.2874E-6,-2.2149E-6
-110.0E+0,2.8140E-9,2.2680E-6,-2.1851E-6
-112.0E+0,2.8684E-9,2.4935E-6,-2.4063E-6
-114.0E+0,2.9254E-9,2.3894E-6,-2.4587E-6
-116.0E+0,2.9850E-9,2.5480E-6,-2.4602E-6
-118.0E+0,3.0444E-9,2.5510E-6,-2.6614E-6
-120.0E+0,3.1080E-9,2.6175E-6,-2.6722E-6
-122.0E+0,3.1734E-9,2.7009E-6,-2.6272E-6
-124.0E+0,3.2410E-9,2.7415E-6,-2.6114E-6
-126.0E+0,3.3124E-9,2.8264E-6,-2.8663E-6
-128.0E+0,3.3864E-9,2.7785E-6,-2.7172E-6
-130.0E+0,3.4619E-9,2.7730E-6,-2.7444E-6
-132.0E+0,3.5424E-9,2.7325E-6,-2.6610E-6
-134.0E+0,3.6245E-9,2.7720E-6,-2.8224E-6
-136.0E+0,3.7119E-9,3.1120E-6,-3.1177E-6
-138.0E+0,3.8028E-9,2.9650E-6,-2.9630E-6
-140.0E+0,3.8983E-9,3.0284E-6,-3.1626E-6
-142.0E+0,3.9979E-9,3.0785E-6,-2.9836E-6
-144.0E+0,4.1018E-9,3.1585E-6,-3.2089E-6
-146.0E+0,4.2123E-9,3.2310E-6,-3.2906E-6
-148.0E+0,4.3249E-9,3.3585E-6,-3.4504E-6
-150.0E+0,4.4463E-9,3.4230E-6,-3.3503E-6
-152.0E+0,4.5704E-9,3.5635E-6,-3.6259E-6
-154.0E+0,4.7048E-9,3.5474E-6,-3.5566E-6
-156.0E+0,4.8469E-9,3.6724E-6,-3.6967E-6
-158.0E+0,4.9974E-9,3.6454E-6,-3.6142E-6
-160.0E+0,5.1568E-9,3.5785E-6,-3.5413E-6
-162.0E+0,5.3258E-9,3.6650E-6,-3.7215E-6
-164.0E+0,5.5084E-9,3.7580E-6,-3.9035E-6
-166.0E+0,5.7019E-9,4.0599E-6,-4.1439E-6
-168.0E+0,5.9069E-9,4.0699E-6,-4.0758E-6
-170.0E+0,6.1313E-9,4.1949E-6,-4.2338E-6
-172.0E+0,6.3665E-9,4.1160E-6,-4.1811E-6
-174.0E+0,6.6159E-9,4.3204E-6,-4.3214E-6
-176.0E+0,6.8958E-9,4.4685E-6,-4.5105E-6
-178.0E+0,7.1923E-9,4.5984E-6,-4.4866E-6
-180.0E+0,7.5179E-9,4.6750E-6,-4.5225E-6
-182.0E+0,7.8735E-9,4.6419E-6,-4.8236E-6
-184.0E+0,8.2682E-9,4.8934E-6,-4.9004E-6
-186.0E+0,8.6943E-9,5.0205E-6,-5.0390E-6
-188.0E+0,9.1727E-9,5.3369E-6,-5.3836E-6
-190.0E+0,9.6961E-9,5.4843E-6,-5.5282E-6
-192.0E+0,10.2840E-9,5.9183E-6,-6.0629E-6
-194.0E+0,10.9250E-9,6.4434E-6,-6.5439E-6
-196.0E+0,11.6900E-9,7.0194E-6,-6.7536E-6
-198.0E+0,12.5500E-9,7.2564E-6,-7.3458E-6
-200.0E+0,13.5450E-9,7.8478E-6,-7.8985E-6
-202.0E+0,14.7250E-9,8.3577E-6,-8.3226E-6
-204.0E+0,16.1150E-9,9.0618E-6,-8.9336E-6
