Temperature: 21.0 Room RoomTemp
Humidity: 36.0
Date: 29/9/2023 9:41 AM
Sweep Voltage,pad,gr,back,,conc
0.0E+0,-194.7000E-9,193.4000E-9,-286.0377E-12
-2.0E+0,-15.7000E-9,21.8600E-9,-6.0391E-9
-4.0E+0,-14.2550E-9,20.4350E-9,-6.1060E-9
-6.0E+0,-12.8300E-9,19.0600E-9,-6.1693E-9
-8.0E+0,-11.2800E-9,17.6100E-9,-6.2025E-9
-10.0E+0,-9.9549E-9,16.2800E-9,-6.2440E-9
-12.0E+0,-8.1700E-9,14.5100E-9,-6.2632E-9
-14.0E+0,-7.0018E-9,13.3550E-9,-6.2911E-9
-16.0E+0,-5.9563E-9,12.3400E-9,-6.3302E-9
-18.0E+0,-5.0225E-9,11.4550E-9,-6.3685E-9
-20.0E+0,-4.1723E-9,10.6150E-9,-6.4006E-9
-22.0E+0,-3.3539E-9,9.8948E-9,-6.4593E-9
-24.0E+0,-2.6530E-9,9.1677E-9,-6.6239E-9
-26.0E+0,-2.0575E-9,8.6584E-9,-6.4847E-9
-28.0E+0,-1.6020E-9,8.2118E-9,-6.4673E-9
-30.0E+0,-1.1815E-9,7.8207E-9,-6.4652E-9
-32.0E+0,-844.4100E-12,7.5069E-9,-6.5095E-9
-34.0E+0,-573.0100E-12,7.2503E-9,-6.7154E-9
-36.0E+0,-349.6400E-12,7.0458E-9,-6.5001E-9
-38.0E+0,-175.8000E-12,6.8928E-9,-6.5748E-9
-40.0E+0,-51.5500E-12,6.7857E-9,-6.7546E-9
-42.0E+0,39.4990E-12,6.7139E-9,-6.7688E-9
-44.0E+0,97.0000E-12,6.6714E-9,-6.6491E-9
-46.0E+0,135.7000E-12,6.6509E-9,-6.8317E-9
-48.0E+0,160.8000E-12,6.6418E-9,-6.6072E-9
-50.0E+0,176.5000E-12,6.6409E-9,-6.7744E-9
-52.0E+0,187.6000E-12,6.6459E-9,-6.6882E-9
-54.0E+0,195.6500E-12,6.6547E-9,-6.8272E-9
-56.0E+0,201.3500E-12,6.6655E-9,-6.7292E-9
-58.0E+0,207.1500E-12,6.6764E-9,-6.6621E-9
-60.0E+0,211.8500E-12,6.6877E-9,-6.9030E-9
-62.0E+0,216.5500E-12,6.6998E-9,-6.7428E-9
-64.0E+0,221.3500E-12,6.7139E-9,-6.8258E-9
-66.0E+0,227.2500E-12,6.7348E-9,-6.9695E-9
-68.0E+0,233.8000E-12,6.7789E-9,-6.8457E-9
-70.0E+0,238.5400E-12,6.8694E-9,-7.1762E-9
-72.0E+0,244.1000E-12,7.0233E-9,-7.3400E-9
-74.0E+0,250.1500E-12,7.2782E-9,-7.5042E-9
-76.0E+0,255.5500E-12,7.6534E-9,-7.8628E-9
-78.0E+0,261.8500E-12,8.1732E-9,-8.3366E-9
-80.0E+0,268.5000E-12,8.6202E-9,-8.8977E-9
-82.0E+0,275.5500E-12,9.1622E-9,-9.4658E-9
-84.0E+0,283.5100E-12,9.9221E-9,-10.2663E-9
-86.0E+0,289.8000E-12,11.0100E-9,-11.2916E-9
-88.0E+0,297.9400E-12,11.9050E-9,-12.1959E-9
-90.0E+0,305.3500E-12,13.2750E-9,-13.8831E-9
-92.0E+0,313.3500E-12,14.9750E-9,-15.4390E-9
-94.0E+0,322.3000E-12,16.8150E-9,-17.1129E-9
-96.0E+0,331.6500E-12,18.8150E-9,-19.0738E-9
-98.0E+0,340.9000E-12,20.4550E-9,-21.0621E-9
-100.0E+0,350.9900E-12,23.0350E-9,-23.5905E-9
-102.0E+0,362.6500E-12,24.8500E-9,-26.5970E-9
-104.0E+0,372.8500E-12,27.9450E-9,-28.7763E-9
-106.0E+0,383.2900E-12,31.6190E-9,-32.7752E-9
-108.0E+0,395.3400E-12,35.1560E-9,-35.0550E-9
-110.0E+0,409.7000E-12,37.4000E-9,-37.9034E-9
-112.0E+0,422.4500E-12,41.6350E-9,-40.3843E-9
-114.0E+0,437.5900E-12,47.4840E-9,-49.3893E-9
-116.0E+0,453.2000E-12,50.9700E-9,-51.5900E-9
-118.0E+0,470.2900E-12,57.4800E-9,-58.0465E-9
-120.0E+0,486.6400E-12,65.0500E-9,-65.3806E-9
-122.0E+0,505.9100E-12,76.3470E-9,-75.9839E-9
-124.0E+0,527.3400E-12,84.2040E-9,-85.5172E-9
-126.0E+0,548.0600E-12,96.9990E-9,-101.4188E-9
-128.0E+0,571.3100E-12,120.1000E-9,-122.1791E-9
-130.0E+0,598.2500E-12,130.3500E-9,-129.1099E-9
-132.0E+0,625.7600E-12,154.5500E-9,-153.6135E-9
-134.0E+0,655.2900E-12,180.7500E-9,-185.2937E-9
-136.0E+0,688.6600E-12,205.3900E-9,-199.1498E-9
-138.0E+0,725.1500E-12,241.6500E-9,-244.5130E-9
-140.0E+0,764.1500E-12,289.8000E-9,-301.1556E-9
-142.0E+0,810.7000E-12,347.3000E-9,-341.8562E-9
-144.0E+0,859.7000E-12,392.8000E-9,-395.9868E-9
-146.0E+0,916.9400E-12,468.5000E-9,-471.5231E-9
-148.0E+0,982.4800E-12,543.6900E-9,-544.6089E-9
-150.0E+0,1.0560E-9,629.6900E-9,-643.0047E-9
-152.0E+0,1.1395E-9,766.3300E-9,-780.4756E-9
-154.0E+0,1.2390E-9,886.9400E-9,-890.3942E-9
-156.0E+0,1.3559E-9,1.0410E-6,-1.0826E-6
-158.0E+0,1.4950E-9,1.2590E-6,-1.2751E-6
-160.0E+0,1.6680E-9,1.5225E-6,-1.5691E-6
-162.0E+0,1.8749E-9,1.8120E-6,-1.7880E-6
-164.0E+0,2.1530E-9,2.0399E-6,-2.0374E-6
-166.0E+0,2.5175E-9,2.2160E-6,-2.1945E-6
-168.0E+0,3.0200E-9,2.4280E-6,-2.4221E-6
-170.0E+0,3.7610E-9,2.7660E-6,-2.6221E-6
-172.0E+0,4.9245E-9,3.0255E-6,-2.9616E-6
-174.0E+0,6.9344E-9,3.1155E-6,-3.0733E-6
-176.0E+0,10.9700E-9,3.4099E-6,-3.4802E-6
-178.0E+0,20.3500E-9,3.7755E-6,-3.5846E-6
-180.0E+0,49.5000E-9,3.7570E-6,-3.6684E-6
-182.0E+0,214.8400E-9,4.0911E-6,-4.1478E-6
