Temperature: 100.0 Ramp Down
Humidity: 0.0
Date: 2/10/2023 6:43 PM
Sweep Voltage,pad,gr,back,,conc
0.0E+0,-1.2875E-6,1.2975E-6,-4.7899E-9
-2.0E+0,-28.4650E-9,783.3900E-9,-755.0068E-9
-4.0E+0,-18.5400E-9,792.8700E-9,-774.8243E-9
-6.0E+0,-15.3400E-9,804.0800E-9,-788.5811E-9
-8.0E+0,-12.4750E-9,814.1800E-9,-801.7859E-9
-10.0E+0,-9.8398E-9,823.3800E-9,-813.2096E-9
-12.0E+0,-7.1509E-9,831.4900E-9,-823.5418E-9
-14.0E+0,-4.7978E-9,839.5300E-9,-834.8406E-9
-16.0E+0,-2.5905E-9,847.5900E-9,-844.0645E-9
-18.0E+0,-399.3500E-12,854.9800E-9,-853.6275E-9
-20.0E+0,2.1764E-9,859.9300E-9,-862.0760E-9
-22.0E+0,5.7264E-9,864.9900E-9,-870.5477E-9
-24.0E+0,10.3290E-9,871.2200E-9,-881.7752E-9
-26.0E+0,11.2000E-9,875.4400E-9,-886.4345E-9
-28.0E+0,11.8800E-9,880.2400E-9,-892.1468E-9
-30.0E+0,12.4550E-9,883.7400E-9,-895.7112E-9
-32.0E+0,12.9250E-9,887.1700E-9,-899.0385E-9
-34.0E+0,13.3250E-9,892.2300E-9,-904.2162E-9
-36.0E+0,13.6700E-9,895.5800E-9,-908.4403E-9
-38.0E+0,13.9650E-9,899.1300E-9,-912.9631E-9
-40.0E+0,14.2250E-9,901.3700E-9,-914.9848E-9
-42.0E+0,14.4700E-9,904.9800E-9,-919.2225E-9
-44.0E+0,14.6950E-9,907.4300E-9,-920.9510E-9
-46.0E+0,14.9200E-9,908.9700E-9,-923.8885E-9
-48.0E+0,15.1400E-9,911.7300E-9,-926.2872E-9
-50.0E+0,15.3500E-9,914.4400E-9,-927.9501E-9
-52.0E+0,15.5550E-9,915.9800E-9,-931.3666E-9
-54.0E+0,15.7550E-9,918.8900E-9,-931.8161E-9
-56.0E+0,15.9500E-9,921.0200E-9,-936.6233E-9
-58.0E+0,16.1450E-9,924.0700E-9,-938.5549E-9
-60.0E+0,16.3400E-9,924.7400E-9,-941.0116E-9
-62.0E+0,16.5350E-9,929.0800E-9,-944.9474E-9
-64.0E+0,16.7400E-9,930.2700E-9,-947.3449E-9
-66.0E+0,16.9400E-9,931.2900E-9,-948.9124E-9
-68.0E+0,17.1350E-9,934.2300E-9,-951.3629E-9
-70.0E+0,17.3300E-9,936.9400E-9,-954.0939E-9
-72.0E+0,17.5350E-9,937.4900E-9,-954.7276E-9
-74.0E+0,17.7400E-9,937.6900E-9,-954.1579E-9
-76.0E+0,17.9450E-9,941.0700E-9,-958.6228E-9
-78.0E+0,18.1350E-9,944.8800E-9,-960.6151E-9
-80.0E+0,18.3500E-9,947.2400E-9,-965.3143E-9
-82.0E+0,18.5650E-9,950.5900E-9,-969.0608E-9
-84.0E+0,18.7750E-9,952.8300E-9,-971.4201E-9
-86.0E+0,19.0050E-9,953.9700E-9,-972.1798E-9
-88.0E+0,19.2250E-9,956.9900E-9,-975.4692E-9
-90.0E+0,19.4550E-9,957.1100E-9,-976.2333E-9
-92.0E+0,19.6900E-9,958.3900E-9,-976.8448E-9
-94.0E+0,19.9250E-9,959.7300E-9,-978.1730E-9
-96.0E+0,20.1650E-9,961.2400E-9,-981.9341E-9
-98.0E+0,20.4100E-9,965.7800E-9,-989.4920E-9
-100.0E+0,20.6600E-9,968.1100E-9,-988.0933E-9
-102.0E+0,20.9150E-9,967.5300E-9,-988.1522E-9
-104.0E+0,21.1800E-9,972.3600E-9,-993.4132E-9
-106.0E+0,21.4450E-9,974.1100E-9,-993.4876E-9
-108.0E+0,21.7150E-9,977.3700E-9,-998.2560E-9
-110.0E+0,21.9950E-9,981.9100E-9,-999.8980E-9
-112.0E+0,22.2750E-9,986.3900E-9,-1.0056E-6
-114.0E+0,22.5650E-9,992.3300E-9,-1.0188E-6
-116.0E+0,22.8650E-9,1.0002E-6,-1.0284E-6
-118.0E+0,23.1700E-9,1.0071E-6,-1.0399E-6
-120.0E+0,23.4800E-9,1.0128E-6,-1.0498E-6
-122.0E+0,23.8050E-9,1.0211E-6,-1.0453E-6
-124.0E+0,24.1350E-9,1.0259E-6,-1.0473E-6
-126.0E+0,24.4700E-9,1.0296E-6,-1.0537E-6
-128.0E+0,24.8150E-9,1.0295E-6,-1.0539E-6
-130.0E+0,25.1700E-9,1.0324E-6,-1.0558E-6
-132.0E+0,25.5700E-9,1.0410E-6,-1.0640E-6
-134.0E+0,25.9300E-9,1.0420E-6,-1.0678E-6
-136.0E+0,26.3200E-9,1.0434E-6,-1.0690E-6
-138.0E+0,26.7200E-9,1.0510E-6,-1.0756E-6
-140.0E+0,27.1050E-9,1.0570E-6,-1.0815E-6
-142.0E+0,27.5400E-9,1.0610E-6,-1.0826E-6
-144.0E+0,27.9600E-9,1.0615E-6,-1.0869E-6
-146.0E+0,28.4050E-9,1.0665E-6,-1.0952E-6
-148.0E+0,28.8700E-9,1.0670E-6,-1.0930E-6
-150.0E+0,29.3400E-9,1.0725E-6,-1.0967E-6
-152.0E+0,29.8240E-9,1.0740E-6,-1.0977E-6
-154.0E+0,30.3150E-9,1.0760E-6,-1.1012E-6
-156.0E+0,30.8550E-9,1.0805E-6,-1.1066E-6
-158.0E+0,31.3990E-9,1.0815E-6,-1.1113E-6
-160.0E+0,31.9340E-9,1.0860E-6,-1.1146E-6
-162.0E+0,32.5140E-9,1.0905E-6,-1.1181E-6
-164.0E+0,33.1060E-9,1.0895E-6,-1.1188E-6
-166.0E+0,33.7260E-9,1.0955E-6,-1.1255E-6
-168.0E+0,34.3610E-9,1.0975E-6,-1.1302E-6
-170.0E+0,35.0250E-9,1.1005E-6,-1.1352E-6
-172.0E+0,35.7050E-9,1.1010E-6,-1.1323E-6
-174.0E+0,36.3910E-9,1.1060E-6,-1.1364E-6
-176.0E+0,37.1290E-9,1.1065E-6,-1.1408E-6
-178.0E+0,37.9010E-9,1.1110E-6,-1.1423E-6
-180.0E+0,38.7100E-9,1.1085E-6,-1.1433E-6
-182.0E+0,39.4960E-9,1.1120E-6,-1.1419E-6
-184.0E+0,40.3600E-9,1.1115E-6,-1.1473E-6
-186.0E+0,41.2660E-9,1.1125E-6,-1.1525E-6
-188.0E+0,42.1950E-9,1.1215E-6,-1.1596E-6
-190.0E+0,43.1760E-9,1.1205E-6,-1.1624E-6
-192.0E+0,44.2600E-9,1.1200E-6,-1.1609E-6
-194.0E+0,45.3490E-9,1.1195E-6,-1.1642E-6
-196.0E+0,46.5010E-9,1.1260E-6,-1.1718E-6
-198.0E+0,47.6900E-9,1.1265E-6,-1.1718E-6
-200.0E+0,48.9540E-9,1.1270E-6,-1.1745E-6
-202.0E+0,50.3040E-9,1.1345E-6,-1.1830E-6
-204.0E+0,51.7100E-9,1.1375E-6,-1.1841E-6
-206.0E+0,53.2400E-9,1.1395E-6,-1.1892E-6
-208.0E+0,54.8210E-9,1.1390E-6,-1.1915E-6
-210.0E+0,56.4910E-9,1.1465E-6,-1.1948E-6
-212.0E+0,58.2860E-9,1.1430E-6,-1.2024E-6
-214.0E+0,60.2010E-9,1.1495E-6,-1.2058E-6
-216.0E+0,62.2170E-9,1.1485E-6,-1.2138E-6
-218.0E+0,64.3700E-9,1.1545E-6,-1.2169E-6
-220.0E+0,66.7200E-9,1.1605E-6,-1.2253E-6
-222.0E+0,69.1690E-9,1.1630E-6,-1.2298E-6
-224.0E+0,71.8640E-9,1.1640E-6,-1.2317E-6
-226.0E+0,74.8150E-9,1.1730E-6,-1.2420E-6
-228.0E+0,77.9840E-9,1.1780E-6,-1.2480E-6
-230.0E+0,81.4360E-9,1.1880E-6,-1.2650E-6
-232.0E+0,85.2190E-9,1.1955E-6,-1.2806E-6
-234.0E+0,89.3810E-9,1.2110E-6,-1.3003E-6
-236.0E+0,93.9290E-9,1.2320E-6,-1.3238E-6
-238.0E+0,99.0180E-9,1.2580E-6,-1.3531E-6
-240.0E+0,105.1000E-9,1.2890E-6,-1.3906E-6
-242.0E+0,111.4500E-9,1.3255E-6,-1.4341E-6
-244.0E+0,118.7000E-9,1.3725E-6,-1.4896E-6
-246.0E+0,126.9500E-9,1.4355E-6,-1.5581E-6
-248.0E+0,136.3000E-9,1.4840E-6,-1.6188E-6
-250.0E+0,147.2900E-9,1.5565E-6,-1.7003E-6
-252.0E+0,160.0000E-9,1.6400E-6,-1.8040E-6
-254.0E+0,175.3400E-9,1.7520E-6,-1.9298E-6
-256.0E+0,194.0500E-9,1.8730E-6,-2.0617E-6
-258.0E+0,217.1900E-9,2.0110E-6,-2.2257E-6
-260.0E+0,246.0400E-9,2.1630E-6,-2.4102E-6
-262.0E+0,285.1000E-9,2.3415E-6,-2.6194E-6
-264.0E+0,337.0400E-9,2.5334E-6,-2.8656E-6
-266.0E+0,411.4000E-9,2.7305E-6,-3.1320E-6
-268.0E+0,526.6300E-9,2.9369E-6,-3.4584E-6
-270.0E+0,716.8000E-9,3.1815E-6,-3.8696E-6
-272.0E+0,1.0660E-6,3.4180E-6,-4.4633E-6
-274.0E+0,1.7965E-6,3.6739E-6,-5.4463E-6
-276.0E+0,3.5404E-6,3.9216E-6,-7.4541E-6
