Temperature: 40.0 Ramp Up 
Humidity: 4.0
Date: 2/10/2023 3:35 PM
Sweep Voltage,pad,gr,back,,conc
0.0E+0,-53.5400E-9,54.9210E-9,-1.3791E-9
-2.0E+0,20.8000E-12,35.7700E-9,-35.6688E-9
-4.0E+0,32.9990E-12,35.8900E-9,-35.7854E-9
-6.0E+0,39.0500E-12,35.9740E-9,-35.8875E-9
-8.0E+0,45.7000E-12,36.0700E-9,-36.0107E-9
-10.0E+0,54.0000E-12,36.1510E-9,-36.0936E-9
-12.0E+0,65.3980E-12,36.2400E-9,-36.2081E-9
-14.0E+0,79.1010E-12,36.3310E-9,-36.3327E-9
-16.0E+0,102.3500E-12,36.4200E-9,-36.4424E-9
-18.0E+0,142.2000E-12,36.5200E-9,-36.5732E-9
-20.0E+0,212.0000E-12,36.6110E-9,-36.7419E-9
-22.0E+0,346.8000E-12,36.6800E-9,-37.0237E-9
-24.0E+0,467.9900E-12,36.7400E-9,-37.2140E-9
-26.0E+0,476.4600E-12,36.8110E-9,-37.2835E-9
-28.0E+0,484.5000E-12,36.8750E-9,-37.2932E-9
-30.0E+0,493.0000E-12,36.9460E-9,-37.3237E-9
-32.0E+0,501.3000E-12,37.0200E-9,-37.5018E-9
-34.0E+0,509.2600E-12,37.0890E-9,-37.5457E-9
-36.0E+0,517.7600E-12,37.1660E-9,-37.6843E-9
-38.0E+0,525.8600E-12,37.2400E-9,-37.6954E-9
-40.0E+0,534.9500E-12,37.3150E-9,-37.7643E-9
-42.0E+0,543.6500E-12,37.4000E-9,-37.7746E-9
-44.0E+0,552.4000E-12,37.4690E-9,-37.8593E-9
-46.0E+0,561.1600E-12,37.5290E-9,-37.9547E-9
-48.0E+0,570.0500E-12,37.5950E-9,-38.0765E-9
-50.0E+0,579.4600E-12,37.6600E-9,-38.1917E-9
-52.0E+0,589.3500E-12,37.7200E-9,-38.0919E-9
-54.0E+0,599.9000E-12,37.7800E-9,-38.3057E-9
-56.0E+0,610.0400E-12,37.8350E-9,-38.3939E-9
-58.0E+0,620.2500E-12,37.8900E-9,-38.3604E-9
-60.0E+0,632.1600E-12,37.9550E-9,-38.3906E-9
-62.0E+0,643.2100E-12,38.0040E-9,-38.6439E-9
-64.0E+0,654.5500E-12,38.0550E-9,-38.6471E-9
-66.0E+0,665.9500E-12,38.1100E-9,-38.7359E-9
-68.0E+0,678.1400E-12,38.1700E-9,-38.7657E-9
-70.0E+0,690.9000E-12,38.2210E-9,-38.9172E-9
-72.0E+0,703.1000E-12,38.2700E-9,-38.9225E-9
-74.0E+0,716.0800E-12,38.3240E-9,-38.9120E-9
-76.0E+0,729.5000E-12,38.3640E-9,-38.9274E-9
-78.0E+0,743.4000E-12,38.4150E-9,-38.9797E-9
-80.0E+0,757.9500E-12,38.4700E-9,-39.2527E-9
-82.0E+0,772.1000E-12,38.5240E-9,-39.1706E-9
-84.0E+0,787.3400E-12,38.5700E-9,-39.2043E-9
-86.0E+0,803.1400E-12,38.6150E-9,-39.2528E-9
-88.0E+0,818.9400E-12,38.6640E-9,-39.4317E-9
-90.0E+0,836.3100E-12,38.7040E-9,-39.4747E-9
-92.0E+0,854.6400E-12,38.7550E-9,-39.6160E-9
-94.0E+0,872.6600E-12,38.8010E-9,-39.6367E-9
-96.0E+0,891.2500E-12,38.8500E-9,-39.5320E-9
-98.0E+0,911.4000E-12,38.8950E-9,-39.6441E-9
-100.0E+0,930.2400E-12,38.9450E-9,-39.7435E-9
-102.0E+0,952.3000E-12,39.0040E-9,-39.7199E-9
-104.0E+0,977.4800E-12,39.0550E-9,-40.0410E-9
-106.0E+0,1.0020E-9,39.1100E-9,-39.9760E-9
-108.0E+0,1.0240E-9,39.1650E-9,-40.2171E-9
-110.0E+0,1.0505E-9,39.1990E-9,-40.2648E-9
-112.0E+0,1.0760E-9,39.2500E-9,-40.3733E-9
-114.0E+0,1.1025E-9,39.3100E-9,-40.2520E-9
-116.0E+0,1.1325E-9,39.3560E-9,-40.4939E-9
-118.0E+0,1.1615E-9,39.3960E-9,-40.4458E-9
-120.0E+0,1.1930E-9,39.4450E-9,-40.6009E-9
-122.0E+0,1.2264E-9,39.4960E-9,-40.5711E-9
-124.0E+0,1.2610E-9,39.5390E-9,-40.6277E-9
-126.0E+0,1.2970E-9,39.5790E-9,-40.7383E-9
-128.0E+0,1.3360E-9,39.6250E-9,-40.7723E-9
-130.0E+0,1.3760E-9,39.6760E-9,-40.8977E-9
-132.0E+0,1.4195E-9,39.7160E-9,-41.0812E-9
-134.0E+0,1.4655E-9,39.7560E-9,-41.2466E-9
-136.0E+0,1.5129E-9,39.7990E-9,-41.2887E-9
-138.0E+0,1.5644E-9,39.8450E-9,-41.2124E-9
-140.0E+0,1.6200E-9,39.8850E-9,-41.2801E-9
-142.0E+0,1.6780E-9,39.9360E-9,-41.6227E-9
-144.0E+0,1.7400E-9,39.9850E-9,-41.5640E-9
-146.0E+0,1.8055E-9,40.0250E-9,-41.8142E-9
-148.0E+0,1.8780E-9,40.0740E-9,-41.9242E-9
-150.0E+0,1.9545E-9,40.1140E-9,-42.0630E-9
-152.0E+0,2.0394E-9,40.1710E-9,-42.1573E-9
-154.0E+0,2.1299E-9,40.2100E-9,-42.2049E-9
-156.0E+0,2.2254E-9,40.2600E-9,-42.3587E-9
-158.0E+0,2.3340E-9,40.3110E-9,-42.4729E-9
-160.0E+0,2.4535E-9,40.3540E-9,-42.7171E-9
-162.0E+0,2.5815E-9,40.4000E-9,-43.0202E-9
-164.0E+0,2.7269E-9,40.4510E-9,-43.1405E-9
-166.0E+0,2.8849E-9,40.5000E-9,-43.2752E-9
-168.0E+0,3.0640E-9,40.5450E-9,-43.5246E-9
-170.0E+0,3.2684E-9,40.5940E-9,-43.8427E-9
-172.0E+0,3.5009E-9,40.6450E-9,-44.0781E-9
-174.0E+0,3.7614E-9,40.7000E-9,-44.3902E-9
-176.0E+0,4.0639E-9,40.7600E-9,-44.7727E-9
-178.0E+0,4.4215E-9,40.8110E-9,-45.1011E-9
-180.0E+0,4.8415E-9,40.8740E-9,-45.6083E-9
-182.0E+0,5.3553E-9,40.9250E-9,-46.2636E-9
-184.0E+0,5.9874E-9,40.9950E-9,-46.8316E-9
-186.0E+0,6.7719E-9,41.0550E-9,-47.8013E-9
-188.0E+0,7.8139E-9,41.1250E-9,-48.7750E-9
-190.0E+0,9.2036E-9,41.1950E-9,-50.4160E-9
-192.0E+0,11.1650E-9,41.2750E-9,-52.4489E-9
-194.0E+0,14.1150E-9,41.3460E-9,-55.3145E-9
-196.0E+0,18.9150E-9,41.4260E-9,-60.1688E-9
-198.0E+0,27.5650E-9,41.5060E-9,-69.0027E-9
-200.0E+0,45.6690E-9,41.5950E-9,-87.0763E-9
-202.0E+0,93.1540E-9,41.6750E-9,-134.6317E-9
-204.0E+0,268.1900E-9,41.7690E-9,-307.3997E-9
-206.0E+0,2.4305E-6,41.8860E-9,-2.4782E-6
