Temperature: 0.0 Up
Humidity: 13.0
Date: 03/11/2023 12:32 PM
Sweep Voltage,pad,gr,V,,conc
0.0E+0,6.5163E-9,-2.4614E-9,-915.1672E-12
-2.0E+0,49.4010E-12,133.1500E-9,-133.2567E-9
-4.0E+0,72.4010E-12,133.2000E-9,-133.3318E-9
-6.0E+0,75.6510E-12,133.2400E-9,-133.3645E-9
-8.0E+0,63.8990E-12,133.3000E-9,-133.3723E-9
-10.0E+0,59.0990E-12,133.3000E-9,-133.3867E-9
-12.0E+0,57.2010E-12,133.3000E-9,-133.4344E-9
-14.0E+0,51.6990E-12,133.3500E-9,-133.4678E-9
-16.0E+0,52.6990E-12,133.4000E-9,-133.4822E-9
-18.0E+0,47.0500E-12,133.4000E-9,-133.5042E-9
-20.0E+0,44.6510E-12,133.4500E-9,-133.5460E-9
-22.0E+0,19.2500E-12,121.0000E-9,-123.8745E-9
-24.0E+0,22.7000E-12,132.4400E-9,-132.7090E-9
-26.0E+0,21.8500E-12,133.1000E-9,-133.1918E-9
-28.0E+0,23.0500E-12,133.4000E-9,-133.5148E-9
-30.0E+0,25.3500E-12,133.5500E-9,-133.5677E-9
-32.0E+0,25.7500E-12,133.6400E-9,-133.8502E-9
-34.0E+0,23.9500E-12,133.7000E-9,-133.8755E-9
-36.0E+0,24.9000E-12,133.7500E-9,-133.8185E-9
-38.0E+0,25.1000E-12,133.7500E-9,-133.7746E-9
-40.0E+0,24.6490E-12,133.8000E-9,-133.8822E-9
-42.0E+0,26.9000E-12,133.8500E-9,-133.9261E-9
-44.0E+0,27.5000E-12,133.9000E-9,-133.9660E-9
-46.0E+0,27.7000E-12,133.9500E-9,-134.0445E-9
-48.0E+0,28.1000E-12,134.0500E-9,-134.0224E-9
-50.0E+0,29.9000E-12,134.1000E-9,-134.2774E-9
-52.0E+0,30.2000E-12,134.1500E-9,-134.3246E-9
-54.0E+0,30.8500E-12,134.2000E-9,-134.3775E-9
-56.0E+0,33.1500E-12,134.2500E-9,-134.3660E-9
-58.0E+0,33.3490E-12,134.3000E-9,-134.4502E-9
-60.0E+0,32.5000E-12,134.3500E-9,-134.5612E-9
-62.0E+0,34.9500E-12,134.4500E-9,-134.6050E-9
-64.0E+0,33.9500E-12,134.5000E-9,-134.4824E-9
-66.0E+0,35.1510E-12,134.5500E-9,-134.5927E-9
-68.0E+0,34.1510E-12,134.6000E-9,-134.7554E-9
-70.0E+0,35.6500E-12,134.6500E-9,-134.8118E-9
-72.0E+0,38.9000E-12,134.7000E-9,-134.7022E-9
-74.0E+0,36.7000E-12,134.7500E-9,-134.8908E-9
-76.0E+0,42.4990E-12,134.7500E-9,-134.8976E-9
-78.0E+0,41.9510E-12,134.7900E-9,-134.8504E-9
-80.0E+0,41.7000E-12,134.8500E-9,-134.9112E-9
-82.0E+0,42.1990E-12,134.9000E-9,-135.1019E-9
-84.0E+0,45.5000E-12,134.9500E-9,-135.0358E-9
-86.0E+0,45.0010E-12,135.0000E-9,-135.1453E-9
-88.0E+0,48.8000E-12,135.0500E-9,-135.2694E-9
-90.0E+0,50.2990E-12,135.1000E-9,-135.1429E-9
-92.0E+0,51.8500E-12,135.1500E-9,-135.3045E-9
-94.0E+0,50.8500E-12,135.1900E-9,-135.3631E-9
-96.0E+0,52.4510E-12,135.2500E-9,-135.4124E-9
-98.0E+0,55.0490E-12,135.2500E-9,-135.2865E-9
-100.0E+0,57.7000E-12,135.3000E-9,-135.4660E-9
-102.0E+0,58.8010E-12,135.3500E-9,-135.4101E-9
-104.0E+0,58.6480E-12,135.4000E-9,-135.6203E-9
-106.0E+0,61.5510E-12,135.4500E-9,-135.4599E-9
-108.0E+0,64.5990E-12,135.4500E-9,-135.6063E-9
-110.0E+0,67.6510E-12,135.5000E-9,-135.7474E-9
-112.0E+0,69.6010E-12,135.5500E-9,-135.5583E-9
-114.0E+0,71.9000E-12,135.5500E-9,-135.6572E-9
-116.0E+0,74.0500E-12,135.5900E-9,-135.7388E-9
-118.0E+0,77.7010E-12,135.6500E-9,-135.8451E-9
-120.0E+0,82.9980E-12,135.7500E-9,-135.9983E-9
-122.0E+0,84.4520E-12,135.8000E-9,-135.9150E-9
-124.0E+0,88.1500E-12,135.8500E-9,-136.0917E-9
-126.0E+0,90.7510E-12,136.0000E-9,-136.2831E-9
-128.0E+0,97.5500E-12,136.1000E-9,-136.2276E-9
-130.0E+0,107.0500E-12,136.2000E-9,-136.3036E-9
-132.0E+0,107.1500E-12,136.3000E-9,-136.5141E-9
-134.0E+0,114.2500E-12,136.4500E-9,-136.5187E-9
-136.0E+0,121.0500E-12,136.5500E-9,-136.6544E-9
-138.0E+0,128.7000E-12,136.7000E-9,-137.0408E-9
-140.0E+0,138.6000E-12,136.7400E-9,-137.0724E-9
-142.0E+0,149.8500E-12,136.9000E-9,-137.0513E-9
-144.0E+0,163.5000E-12,137.0000E-9,-137.3205E-9
-146.0E+0,175.4000E-12,137.1000E-9,-137.4452E-9
-148.0E+0,190.3000E-12,137.2000E-9,-137.4300E-9
-150.0E+0,209.7500E-12,137.3000E-9,-137.5699E-9
-152.0E+0,234.2500E-12,137.4000E-9,-137.8288E-9
-154.0E+0,264.3500E-12,137.5000E-9,-137.8617E-9
-156.0E+0,301.5000E-12,137.6000E-9,-138.0054E-9
-158.0E+0,344.8500E-12,137.7000E-9,-138.1080E-9
-160.0E+0,414.1000E-12,137.8000E-9,-138.4263E-9
-162.0E+0,507.5500E-12,137.8900E-9,-138.6075E-9
-164.0E+0,644.3500E-12,138.0000E-9,-138.6221E-9
-166.0E+0,866.9700E-12,138.1000E-9,-139.1863E-9
-168.0E+0,1.2460E-9,138.2500E-9,-139.6044E-9
-170.0E+0,1.9889E-9,138.3500E-9,-140.3817E-9
-172.0E+0,3.5894E-9,138.5000E-9,-142.1134E-9
-174.0E+0,7.8294E-9,138.6000E-9,-146.4310E-9
-176.0E+0,22.8100E-9,138.6900E-9,-161.5947E-9
-178.0E+0,119.4000E-9,138.8000E-9,-255.1855E-9
